0	0	1	0.9247097
0.2	0	1	0.9247097
0.4	0	1	0.9247097
0.6	0	1	0.9247097
0.8	0	1	0.9247097
1	0	1	0.9247097
1.2	0	1	0.9247097
1.4	0	1	0.9247097
1.6	0	1	0.9247097
1.8	0	1	0.9247097
2	0	1	0.9247097
2.2	0	1	0.9247097
2.4	0	1	0.924709699999958
2.6	0	1	0.924709699999998
2.8	0	1	0.924709699999993
3	0	1	0.924709699999959
3.2	0	1	0.924709699999737
3.4	0	1	0.924709699998253
3.6	0	1	0.92470969998861
3.8	0	1	0.924709699929479
4	0	1	0.924709699594601
4.2	0	1	0.924709697876245
4.4	0	1	0.924709690017141
4.6	0	1	0.924709658412317
4.8	0	1	0.924709547777632
5	0	1	0.924709212549107
5.2	0	1	0.924708333869884
5.4	0	1	0.924706332603797
5.6	0	1	0.924702335689877
5.8	0	1	0.924695245565506
6	0	1	0.924683902741943
6.2	0	1	0.924667266494947
6.4	0	1	0.924644527508684
6.6	0	1	0.924615113223408
6.8	0	1	0.924578604876021
7	0	1	0.924534614101283
7.2	0	1	0.924482662095166
7.4	0	1	0.924422083850958
7.6	0	1	0.924351961036965
7.8	0	1	0.924271076522041
8	0	1	0.924177880495235
8.2	0	1	0.924070459205482
8.4	0	1	0.923946499758577
8.6	0	1	0.923803246645969
8.8	0	1	0.92363744722975
9	0	1	0.923445284266448
9.2	0	1	0.923222293890197
9.4	0	1	0.922963267476657
9.6	0	1	0.922662135612714
9.8	0	1	0.922311832094999
10	0	1	0.921904135528209
10.2	0	1	0.921429485725614
10.4	0	1	0.920876771752274
10.6	0	1	0.920233088118146
10.8	0	1	0.91948345534967
11	0	1	0.918610500980907
11.2	0	1	0.917594096959965
11.4	0	1	0.916410949634367
11.6	0	1	0.915034138957657
11.8	0	1	0.913432604478965
12	0	1	0.911570577208301
12.2	0	1	0.909406958811943
12.4	0	1	0.906894653058428
12.6	0	1	0.903979859339033
12.8	0	1	0.900601344815926
13	0	1	0.896689720736652
13.2	0	1	0.892166760133044
13.4	0	1	0.886944808877653
13.6	0	1	0.880926360119289
13.8	0	1	0.874003883349787
14	0	1	0.866060023087965
14.2	0	1	0.856968306841712
14.4	0	1	0.846594524798779
14.6	0	1	0.834798960113554
14.8	0	1	0.821439652246026
15	0	1	0.806376858117991
15.2	0	1	0.789478826948893
15.4	0	1	0.770628914507102
15.6	0	1	0.749733923645776
15.8	0	1	0.726733369205448
16	0	1	0.701609136506534
16.2	0	1	0.674394758976264
16.4	0	1	0.645183324612341
16.6	0	1	0.614132890070038
16.8	0	1	0.58146829661449
17	0	1	0.547478492518507
17.2	0	1	0.512508886299852
17.4	0	1	0.476948847846632
17.6	0	1	0.441215147723652
17.8	0	1	0.405732746075072
18	0	1	0.37091477225081
18.2	0	1	0.337143671032797
18.4	0	1	0.304755297607816
18.6	0	1	0.274027269260315
18.8	0	1	0.245172240284973
19	0	1	0.21833609904876
19.2	0	1	0.193600519826332
19.4	0	1	0.170988919558055
19.6	0	1	0.150474697448878
19.8	0	1	0.13199065100013
20	0	1	0.115438613220176
20.2	0	1	0.10069858064427
20.4	0	1	0.0876368454385663
20.6	0	1	0.0761128677627424
20.8	0	1	0.065984804545933
21	0	1	0.0571137404245967
21.2	0	1	0.0493667484778805
21.4	0	1	0.0426189508013478
21.6	0	1	0.0367547620366253
21.8	0	1	0.0316684924566998
22	0	1	0.0272644691988189
22.2	0	1	0.0234568108196614
22.4	0	1	0.020168965676155
22.6	0	1	0.0173331012743275
22.8	0	1	0.0148894110511095
23	0	1	0.0127853876133128
23.2	0	1	0.0109750972896268
23.4	0	1	0.00941847969684984
23.6	0	1	0.00808068748224167
23.8	0	1	0.00693147503949654
24	0	1	0.00594464038182585
24.2	0	1	0.00509752111263628
24.4	0	1	0.00437054324006614
24.6	0	1	0.00374682017225048
24.8	0	1	0.00321179839534103
25	0	1	0.00275294591242126
25.2	0	1	0.00235947938368941
25.4	0	1	0.00202212596314066
25.6	0	1	0.00173291600567516
25.8	0	1	0.00148500307136867
26	0	1	0.00127250794540945
26.2	0	1	0.0010903836985654
26.4	0	1	0.00093429911773224
26.6	0	1	0.000800538128616468
26.8	0	1	0.000685913106630687
27	0	1	0.000587690224235771
27.2	0	1	0.000503525211889677
27.4	0	1	0.000431408115440179
27.6	0	1	0.000369615816046331
27.8	0	1	0.000316671240945254
28	0	1	0.00027130833618616
28.2	0	1	0.000232441997653043
28.4	0	1	0.000199142266032348
28.6	0	1	0.00017061218660408
28.8	0	1	0.000146168817432124
29	0	1	0.000125226941213974
29.2	0	1	0.000107285098087995
29.4	0	1	9.19136102738305e-05
29.6	0	1	7.87443156685663e-05
29.8	0	1	6.74617673909195e-05
30	0	1	5.7795690571405e-05
30.2	0	1	4.95145172515477e-05
30.4	0	1	4.24198456372427e-05
30.6	0	1	3.63416918006676e-05
30.8	0	1	3.11344206739284e-05
31	0	1	2.66732592923979e-05
31.2	0	1	2.28513090670956e-05
31.4	0	1	1.95769857402883e-05
31.6	0	1	1.67718258545779e-05
31.8	0	1	1.43686072999749e-05
32	0	1	1.23097390020144e-05
32.2	0	1	1.05458812250658e-05
32.4	0	1	9.03476348257382e-06
32.6	0	1	7.74017176274899e-06
32.8	0	1	6.6310808263248e-06
33	0	1	5.68091080077604e-06
33.2	0	1	4.86689027312526e-06
33.4	0	1	4.16951062509607e-06
33.6	0	1	3.57205854206732e-06
33.8	0	1	3.06021550111613e-06
34	0	1	2.62171463893957e-06
34.2	0	1	2.24604678267237e-06
34.4	0	1	1.92420860056775e-06
34.6	0	1	1.64848683570362e-06
34.8	0	1	1.41227345651362e-06
35	0	1	1.20990729191028e-06
35.2	0	1	1.03653835759054e-06
35.4	0	1	8.88011622790508e-07
35.6	0	1	7.60767431717824e-07
35.8	0	1	6.51756192127095e-07
36	0	1	5.5836528889408e-07
36.2	0	1	4.7835646976857e-07
36.4	0	1	4.09812203505666e-07
36.6	0	1	3.51089722738784e-07
36.8	0	1	3.00781653805871e-07
37	0	1	2.57682286619598e-07
37.2	0	1	2.20758678226574e-07
37.4	0	1	1.89125897831488e-07
37.6	0	1	1.62025816097255e-07
37.8	0	1	1.38808937788504e-07
38	0	1	1.18918834224324e-07
38.2	0	1	1.01878807612366e-07
38.4	0	1	8.72804671869787e-08
38.6	0	1	7.47739409279191e-08
38.8	0	1	6.40594901568647e-08
39	0	1	5.48803263944464e-08
39.2	0	1	4.70164561727771e-08
39.4	0	1	4.02794095855086e-08
39.6	0	1	3.45077229013668e-08
39.8	0	1	2.95630683266879e-08
40	0	1	2.53269393235556e-08
40.2	0	1	2.1697810770327e-08
40.4	0	1	1.85887042425392e-08
40.6	0	1	1.59251056786047e-08
40.8	0	1	1.36431773656298e-08
41	0	1	1.16882293843545e-08
41.2	0	1	1.00134084357606e-08
41.4	0	1	8.57857451741495e-09
41.6	0	1	7.34933991441977e-09
41.8	0	1	6.29624385961591e-09
0	1	2	0.9247097
0.2	1	2	0.9247097
0.4	1	2	0.9247097
0.6	1	2	0.9247097
0.8	1	2	0.9247097
1	1	2	0.9247097
1.2	1	2	0.9247097
1.4	1	2	0.9247097
1.6	1	2	0.9247097
1.8	1	2	0.9247097
2	1	2	0.9247097
2.2	1	2	0.9247097
2.4	1	2	0.924709699999603
2.6	1	2	0.924709699999992
2.8	1	2	0.924709699999943
3	1	2	0.924709699999575
3.2	1	2	0.924709699996911
3.4	1	2	0.924709699978538
3.6	1	2	0.924709699859636
3.8	1	2	0.924709699148777
4	1	2	0.924709695281702
4.2	1	2	0.924709676417608
4.4	1	2	0.924709594988829
4.6	1	2	0.924709287309013
4.8	1	2	0.92470827704245
5	1	2	0.924705402553253
5.2	1	2	0.924698300716206
5.4	1	2	0.924682960494266
5.6	1	2	0.924653673009846
5.8	1	2	0.924603558161758
6	1	2	0.924525487302961
6.2	1	2	0.924412954493319
6.4	1	2	0.92426050212424
6.6	1	2	0.924063589823612
6.8	1	2	0.923818056786531
7	1	2	0.923519420190409
7.2	1	2	0.923162199929128
7.4	1	2	0.922739357059232
7.6	1	2	0.922241849798063
7.8	1	2	0.921658267890808
8	1	2	0.920974495427062
8.2	1	2	0.920173358256121
8.4	1	2	0.919234223337289
8.6	1	2	0.91813252775244
8.8	1	2	0.916839222894639
9	1	2	0.915320124800982
9.2	1	2	0.913535165750155
9.4	1	2	0.911437546259281
9.6	1	2	0.908972791590942
9.8	1	2	0.906077723854788
10	1	2	0.902679370784528
10.2	1	2	0.898693846351098
10.4	1	2	0.894025257627605
10.6	1	2	0.888564717788975
10.8	1	2	0.882189577595465
11	1	2	0.874763027354245
11.2	1	2	0.866134267191313
11.4	1	2	0.856139492549862
11.6	1	2	0.844603988235887
11.8	1	2	0.831345658040022
12	1	2	0.816180322964447
12.2	1	2	0.798929079257439
12.4	1	2	0.779427894153262
12.6	1	2	0.757539409584804
12.8	1	2	0.733166608154669
13	1	2	0.70626757774018
13.2	1	2	0.676870131274634
13.4	1	2	0.645084579636044
13.6	1	2	0.611112642620244
13.8	1	2	0.575250460148046
14	1	2	0.537884054160347
14.2	1	2	0.499476431405181
14.4	1	2	0.460546719530033
14.6	1	2	0.421643064847116
14.8	1	2	0.383312169658409
15	1	2	0.346068998990391
15.2	1	2	0.31037015322905
15.4	1	2	0.276593694245091
15.6	1	2	0.245027031539679
15.8	1	2	0.215863138696414
16	1	2	0.189204194295147
16.2	1	2	0.165070942209855
16.4	1	2	0.143415719583694
16.6	1	2	0.124137156517751
16.8	1	2	0.107094884101403
17	1	2	0.0921230527277038
17.2	1	2	0.0790419395314921
17.4	1	2	0.0676673332933498
17.6	1	2	0.0578176909006608
17.8	1	2	0.0493192574886165
18	1	2	0.0420094479903107
18.2	1	2	0.0357388242057942
18.4	1	2	0.03037199211041
18.6	1	2	0.0257877086355925
18.8	1	2	0.0218784400917128
19	1	2	0.0185495653489831
19.2	1	2	0.0157183714436596
19.4	1	2	0.0133129501505238
19.6	1	2	0.0112710721001689
19.8	1	2	0.00953908996152841
20	1	2	0.0080709032404237
20.2	1	2	0.00682700334016939
20.4	1	2	0.00577360766329515
20.6	1	2	0.00488188477858187
20.8	1	2	0.00412726825332255
21	1	2	0.00348885402641652
21.2	1	2	0.00294887468153737
21.4	1	2	0.00249224329775599
21.6	1	2	0.00210615943073034
21.8	1	2	0.00177977000994722
22	1	2	0.00150387838380006
22.2	1	2	0.00127069530536139
22.4	1	2	0.00107362626052021
22.6	1	2	0.000907090152800771
22.8	1	2	0.000766364948165066
23	1	2	0.000647456432461446
23.2	1	2	0.000546986735673549
23.4	1	2	0.000462099727763676
23.6	1	2	0.000390380791035594
23.8	1	2	0.000329788825918609
24	1	2	0.000278598654463669
24.2	1	2	0.000235352252692111
24.4	1	2	0.000198817473541113
24.6	1	2	0.000167953120636888
24.8	1	2	0.000141879403444567
25	1	2	0.000119852950124621
25.2	1	2	0.0001012456789109
25.4	1	2	8.55269349668841e-05
25.6	1	2	7.22483900242876e-05
25.8	1	2	6.10312789167677e-05
26	1	2	5.15556123718008e-05
26.2	1	2	4.3551060786795e-05
26.4	1	2	3.678925065842e-05
26.6	1	2	3.10772551318506e-05
26.8	1	2	2.62520938302258e-05
27	1	2	2.21760856671249e-05
27.2	1	2	1.87329224907717e-05
27.4	1	2	1.58243518461054e-05
27.6	1	2	1.33673744272533e-05
27.8	1	2	1.12918764129111e-05
28	1	2	9.53862923358528e-06
28.2	1	2	8.05759977762222e-06
28.4	1	2	6.80652287010641e-06
28.6	1	2	5.7496953348446e-06
28.8	1	2	4.85695724627977e-06
29	1	2	4.10283132978861e-06
29.2	1	2	3.46579595733587e-06
29.4	1	2	2.92767100751323e-06
29.6	1	2	2.47309906842297e-06
29.8	1	2	2.08910718457744e-06
30	1	2	1.76473664281751e-06
30.2	1	2	1.49073023714141e-06
30.4	1	2	1.25926808769439e-06
30.6	1	2	1.06374447617075e-06
30.8	1	2	8.98579329056126e-07
31	1	2	7.59058971899762e-07
31.2	1	2	6.4120160636616e-07
31.4	1	2	5.41643675910919e-07
31.6	1	2	4.57543873677579e-07
31.8	1	2	3.86502054250393e-07
32	1	2	3.2649073611335e-07
32.2	1	2	2.75797239823738e-07
32.4	1	2	2.32974808889175e-07
32.6	1	2	1.96801321017404e-07
32.8	1	2	1.66244410348959e-07
33	1	2	1.40432003803426e-07
33.2	1	2	1.18627432654783e-07
33.4	1	2	1.00208409348213e-07
33.6	1	2	8.46492673733934e-08
33.8	1	2	7.15059594869061e-08
34	1	2	6.04033844053831e-08
34.2	1	2	5.10246819240834e-08
34.4	1	2	4.31021900393347e-08
34.6	1	2	3.64098063920792e-08
34.8	1	2	3.07565346524541e-08
35	1	2	2.59810338798516e-08
35.2	1	2	2.1947014983148e-08
35.4	1	2	1.85393493890018e-08
35.6	1	2	1.56607847801027e-08
35.8	1	2	1.32291685384089e-08
36	1	2	1.11751041753649e-08
36.2	1	2	9.43996991686902e-09
36.4	1	2	7.97424604126462e-09
36.6	1	2	6.73610223156373e-09
36.8	1	2	5.69020208729398e-09
37	1	2	4.80669670732681e-09
37.2	1	2	4.06037137246074e-09
37.4	1	2	3.42992623192373e-09
37.6	1	2	2.89736890035641e-09
37.8	1	2	2.44750075761857e-09
38	1	2	2.06748251851963e-09
38.2	1	2	1.74646908046583e-09
38.4	1	2	1.47529854999107e-09
38.6	1	2	1.24623222852449e-09
38.8	1	2	1.05273245676329e-09
39	1	2	8.89276985382992e-10
39.2	1	2	7.51200879278713e-10
39.4	1	2	6.34563512846853e-10
39.6	1	2	5.36036215414981e-10
39.8	1	2	4.52807014106327e-10
40	1	2	3.82500586759704e-10
40.2	1	2	3.23110649347313e-10
40.4	1	2	2.72941891310552e-10
40.6	1	2	2.3056290210377e-10
40.8	1	2	1.94763760674732e-10
41	1	2	1.64523283885387e-10
41.2	1	2	1.38978162311787e-10
41.4	1	2	1.1739931249366e-10
41.6	1	2	9.91710047415495e-11
41.8	1	2	8.37728775238133e-11
0	2	3	0.9247097
0.2	2	3	0.9247097
0.4	2	3	0.9247097
0.6	2	3	0.9247097
0.8	2	3	0.9247097
1	2	3	0.9247097
1.2	2	3	0.9247097
1.4	2	3	0.9247097
1.6	2	3	0.9247097
1.8	2	3	0.9247097
2	2	3	0.9247097
2.2	2	3	0.9247097
2.4	2	3	0.924709699998433
2.6	2	3	0.924709699999979
2.8	2	3	0.92470969999979
3	2	3	0.924709699998202
3.2	2	3	0.92470969998617
3.4	2	3	0.924709699902371
3.6	2	3	0.924709699365107
3.8	2	3	0.924709696217153
4	2	3	0.924709679548064
4.2	2	3	0.924709600761338
4.4	2	3	0.924709272231196
4.6	2	3	0.924708074923256
4.8	2	3	0.92470428319043
5	2	3	0.924693862271607
5.2	2	3	0.924668920543249
5.4	2	3	0.924616515107952
5.6	2	3	0.924518712417457
5.8	2	3	0.924354246777839
6	2	3	0.924101104855597
6.2	2	3	0.923738768030238
6.4	2	3	0.923249131140682
6.6	2	3	0.92261591217239
6.8	2	3	0.921823012508092
7	2	3	0.920852471942771
7.2	2	3	0.919682497137252
7.4	2	3	0.918285774032984
7.6	2	3	0.916628068627526
7.8	2	3	0.91466701998151
8	2	3	0.912351010305962
8.2	2	3	0.909618021227018
8.4	2	3	0.906394425289771
8.6	2	3	0.902593704291897
8.8	2	3	0.898115128009386
9	2	3	0.892842470173338
9.2	2	3	0.886642886629384
9.4	2	3	0.879366136485741
9.6	2	3	0.870844392031305
9.8	2	3	0.860892955610365
10	2	3	0.849312275292982
10.2	2	3	0.835891713505505
10.4	2	3	0.820415552943825
10.6	2	3	0.802671691983941
10.8	2	3	0.782463349496726
11	2	3	0.75962382665826
11.2	2	3	0.734033931948795
11.4	2	3	0.705641066641683
11.6	2	3	0.674478248159507
11.8	2	3	0.640680648465492
12	2	3	0.604496748580644
12.2	2	3	0.566291199312855
12.4	2	3	0.526537129783512
12.6	2	3	0.485797007858947
12.8	2	3	0.444693045483912
13	2	3	0.403870135540711
13.2	2	3	0.363955857818218
13.4	2	3	0.325522725997858
13.6	2	3	0.289057361678792
13.8	2	3	0.254939831691914
14	2	3	0.223434418573905
14.2	2	3	0.194691161356805
14.4	2	3	0.168756052754381
14.6	2	3	0.145587028618788
14.8	2	3	0.125072815716456
15	2	3	0.10705213092677
15.2	2	3	0.0913314082232953
15.4	2	3	0.0776999566283836
15.6	2	3	0.065942081197537
15.8	2	3	0.0558461642497292
16	2	3	0.0472109978799438
16.2	2	3	0.0398498074943616
16.4	2	3	0.0335924489690808
16.6	2	3	0.0282862377532601
16.8	2	3	0.0237958082183255
17	2	3	0.0200023280272998
17.2	2	3	0.0168023191594691
17.4	2	3	0.0141062719567444
17.6	2	3	0.0118371842607885
17.8	2	3	0.00992911480882575
18	2	3	0.00832580754205803
18.2	2	3	0.00697941972875415
18.4	2	3	0.00584937006066599
18.6	2	3	0.00490131152190187
18.8	2	3	0.00410622647026726
19	2	3	0.00343963689725957
19.2	2	3	0.00288092038065635
19.4	2	3	0.00241272116468205
19.6	2	3	0.00202044562314174
19.8	2	3	0.00169183174251375
20	2	3	0.00141658296910907
20.2	2	3	0.00118605763692659
20.4	2	3	0.000993006125155849
20.6	2	3	0.000831348819394062
20.8	2	3	0.000695988828293581
21	2	3	0.000582654215475209
21.2	2	3	0.000487765235152149
21.4	2	3	0.000408322706701658
21.6	2	3	0.000341814230955362
21.8	2	3	0.000286135444447777
22	2	3	0.00023952393392157
22.2	2	3	0.000200503799178242
22.4	2	3	0.000167839164981531
22.6	2	3	0.000140495208933444
22.8	2	3	0.000117605498256568
23	2	3	9.84446198462052e-05
23.2	2	3	8.24052497450101e-05
23.4	2	3	6.89789447484435e-05
23.6	2	3	5.77400538970263e-05
23.8	2	3	4.8332244479754e-05
24	2	3	4.04572186251118e-05
24.2	2	3	3.38652650047067e-05
24.4	2	3	2.83473476594409e-05
24.6	2	3	2.37284822042216e-05
24.8	2	3	1.9862190149933e-05
25	2	3	1.66258560237997e-05
25.2	2	3	1.39168404288403e-05
25.4	2	3	1.16492260485712e-05
25.6	2	3	9.75109357614912e-06
25.8	2	3	8.16224131394705e-06
26	2	3	6.8322762051265e-06
26.2	2	3	5.71901582036016e-06
26.4	2	3	4.78715065876933e-06
26.6	2	3	4.00712437031991e-06
26.8	2	3	3.35419640118406e-06
27	2	3	2.80765735316546e-06
27.2	2	3	2.35017217575795e-06
27.4	2	3	1.96723036860469e-06
27.6	2	3	1.64668576307925e-06
27.8	2	3	1.37837128377782e-06
28	2	3	1.15377648179926e-06
28.2	2	3	9.65777604999829e-07
28.4	2	3	8.08411651731511e-07
28.6	2	3	6.76687238576612e-07
28.8	2	3	5.6642628443182e-07
29	2	3	4.74131491290386e-07
29.2	2	3	3.96875415975551e-07
29.4	2	3	3.32207618858327e-07
29.6	2	3	2.78076938586835e-07
29.8	2	3	2.32766434904441e-07
30	2	3	1.94838928657681e-07
30.2	2	3	1.63091417704209e-07
30.4	2	3	1.36516919546636e-07
30.6	2	3	1.14272532103499e-07
30.8	2	3	9.56526968742821e-08
31	2	3	8.00668212841416e-08
31.2	2	3	6.70205446695604e-08
31.4	2	3	5.61000589316407e-08
31.6	2	3	4.69589829243944e-08
31.8	2	3	3.93073753546247e-08
32	2	3	3.29025386935911e-08
32.2	2	3	2.75413212236231e-08
32.4	2	3	2.30536733036857e-08
32.6	2	3	1.92972532397917e-08
32.8	2	3	1.61529131181837e-08
33	2	3	1.35209192730912e-08
33.2	2	3	1.13177885951998e-08
33.4	2	3	9.47364131587136e-09
33.6	2	3	7.92998378074117e-09
33.8	2	3	6.63785337806644e-09
34	2	3	5.55626600284853e-09
34.2	2	3	4.65091476442581e-09
34.4	2	3	3.89308374426633e-09
34.6	2	3	3.25873550366396e-09
34.8	2	3	2.72774924869879e-09
35	2	3	2.28328345119877e-09
35.2	2	3	1.9112397220411e-09
35.4	2	3	1.59981794478625e-09
35.6	2	3	1.33913979905032e-09
35.8	2	3	1.120937120902e-09
36	2	3	9.38289113072699e-10
36.2	2	3	7.85401854663803e-10
36.4	2	3	6.57426668659866e-10
36.6	2	3	5.50303913549044e-10
36.8	2	3	4.60636084831378e-10
37	2	3	3.85579124184687e-10
37.2	2	3	3.22751936288057e-10
37.4	2	3	2.70162003879193e-10
37.6	2	3	2.26141216863596e-10
37.8	2	3	1.89293025698589e-10
38	2	3	1.58449253717663e-10
38.2	2	3	1.3263123932461e-10
38.4	2	3	1.11019970994164e-10
38.6	2	3	9.29301080532241e-11
38.8	2	3	7.77878872426641e-11
39	2	3	6.5112804037426e-11
39.2	2	3	5.45031797472006e-11
39.4	2	3	4.56223947509216e-11
39.6	2	3	3.81885634226364e-11
39.8	2	3	3.19660964365198e-11
40	2	3	2.67573740941884e-11
40.2	2	3	2.2397417254183e-11
40.4	2	3	1.87480031499376e-11
40.6	2	3	1.56931134753791e-11
40.8	2	3	1.31359367827599e-11
41	2	3	1.09956488358876e-11
41.2	2	3	9.20397091874747e-12
41.4	2	3	7.70428165708381e-12
41.6	2	3	6.44895248314015e-12
41.8	2	3	5.39801536802997e-12
0	3	4	0.9247097
0.2	3	4	0.9247097
0.4	3	4	0.9247097
0.6	3	4	0.9247097
0.8	3	4	0.9247097
1	3	4	0.9247097
1.2	3	4	0.9247097
1.4	3	4	0.9247097
1.6	3	4	0.9247097
1.8	3	4	0.9247097
2	3	4	0.9247097
2.2	3	4	0.9247097
2.4	3	4	0.924709699992438
2.6	3	4	0.924709699999935
2.8	3	4	0.924709699999063
3	3	4	0.924709699990654
3.2	3	4	0.924709699924102
3.4	3	4	0.924709699459418
3.6	3	4	0.92470969652825
3.8	3	4	0.924709679794713
4	3	4	0.92470959396799
4.2	3	4	0.924709202558647
4.4	3	4	0.924707631504979
4.6	3	4	0.924702124977266
4.8	3	4	0.924685341959858
5	3	4	0.924640849347653
5.2	3	4	0.924537748720222
5.4	3	4	0.924327011490177
5.6	3	4	0.923942320968778
5.8	3	4	0.923305984438717
6	3	4	0.922337283227877
6.2	3	4	0.920959194348005
6.4	3	4	0.919100699119052
6.6	3	4	0.916694426207919
6.8	3	4	0.913671224926197
7	3	4	0.909953703674333
7.2	3	4	0.905450236707742
7.4	3	4	0.900050175139255
7.6	3	4	0.893620449672958
7.8	3	4	0.886003530613223
8	3	4	0.877016737965215
8.2	3	4	0.866453055196202
8.4	3	4	0.85408380349866
8.6	3	4	0.839663718062438
8.8	3	4	0.822939086075265
9	3	4	0.803659606841393
9.2	3	4	0.781594455969396
9.4	3	4	0.756552612325939
9.6	3	4	0.728406791445727
9.8	3	4	0.697119333742733
10	3	4	0.662767238196535
10.2	3	4	0.62556247193378
10.4	3	4	0.585863111674349
10.6	3	4	0.544171206108743
10.8	3	4	0.501114763972
11	3	4	0.457413893960399
11.2	3	4	0.413834309625863
11.4	3	4	0.371134262074825
11.6	3	4	0.330012538068003
11.8	3	4	0.291064903831074
12	3	4	0.254754377326682
12.2	3	4	0.221397669708322
12.4	3	4	0.19116702014775
12.6	3	4	0.16410428762444
12.8	3	4	0.140142974554972
13	3	4	0.119133805417204
13.2	3	4	0.10087023287178
13.4	3	4	0.085111366196836
13.6	3	4	0.0716009525948976
13.8	3	4	0.0600819716000317
14	3	4	0.050307043563202
14.2	3	4	0.0420452173682325
14.4	3	4	0.0350858502545364
14.6	3	4	0.0292402957484996
14.8	3	4	0.0243420373223719
15	3	4	0.020245791984756
15.2	3	4	0.0168259892827017
15.4	3	4	0.0139749234701153
15.6	3	4	0.0116007869033971
15.8	3	4	0.00962572243526283
16	3	4	0.00798398006338619
16.2	3	4	0.00662022545671193
16.4	3	4	0.00548802207788446
16.6	3	4	0.00454849155434056
16.8	3	4	0.00376914630322722
17	3	4	0.00312288227652113
17.2	3	4	0.00258711661828281
17.4	3	4	0.00214305395972836
17.6	3	4	0.00177506526939764
17.8	3	4	0.00147016410612166
18	3	4	0.00121756644242066
18.2	3	4	0.00100832170743703
18.4	3	4	0.000835004198347256
18.6	3	4	0.000691455442287325
18.8	3	4	0.000572569410730805
19	3	4	0.000474113673824106
19.2	3	4	0.000392580628089667
19.4	3	4	0.000325063841394524
19.6	3	4	0.000269155343668226
19.8	3	4	0.00022286036269803
20	3	4	0.000184526574365518
20.2	3	4	0.000152785418751855
20.4	3	4	0.000126503439572434
20.6	3	4	0.000104741945360365
20.8	3	4	8.67235763913898e-05
21	3	4	7.18046000253159e-05
21.2	3	4	5.94519563177354e-05
21.4	3	4	4.9224241713608e-05
21.6	3	4	4.07559567779936e-05
21.8	3	4	3.37444587931168e-05
22	3	4	2.79391554998121e-05
22.2	3	4	2.31325555344331e-05
22.4	3	4	1.91528568951327e-05
22.6	3	4	1.58578093589767e-05
22.8	3	4	1.31296320384777e-05
23	3	4	1.08708047918959e-05
23.2	3	4	9.00058332309328e-06
23.4	3	4	7.45211357588982e-06
23.6	3	4	6.17004240233143e-06
23.8	3	4	5.10853917878862e-06
24	3	4	4.22965770485728e-06
24.2	3	4	3.50197987120104e-06
24.4	3	4	2.89949263376776e-06
24.6	3	4	2.40065817047608e-06
24.8	3	4	1.98764399306217e-06
25	3	4	1.64568549931854e-06
25.2	3	4	1.36255818428133e-06
25.4	3	4	1.12814064923139e-06
25.6	3	4	9.34052786671913e-07
25.8	3	4	7.73356209848863e-07
26	3	4	6.40306220489606e-07
26.2	3	4	5.30146445631985e-07
26.4	3	4	4.38938806079925e-07
26.6	3	4	3.63422737015284e-07
26.8	3	4	3.00898626459656e-07
27	3	4	2.49131309693063e-07
27.2	3	4	2.06270163283229e-07
27.4	3	4	1.70782949782122e-07
27.6	3	4	1.41401040654188e-07
27.8	3	4	1.1707406510908e-07
28	3	4	9.69323605826133e-08
28.2	3	4	8.02558830503841e-08
28.4	3	4	6.64484669510301e-08
28.6	3	4	5.50165120127843e-08
28.8	3	4	4.55513381458772e-08
29	3	4	3.77145753516217e-08
29.2	3	4	3.1226068508694e-08
29.4	3	4	2.58538598307823e-08
29.6	3	4	2.14058990533061e-08
29.8	3	4	1.77231762599206e-08
30	3	4	1.46740379847188e-08
30.2	3	4	1.21494808658085e-08
30.4	3	4	1.00592546514733e-08
30.6	3	4	8.32863600308542e-09
30.8	3	4	6.89575740953075e-09
31	3	4	5.70939462374298e-09
31.2	3	4	4.72713646004763e-09
31.4	3	4	3.91386845155495e-09
31.6	3	4	3.24051707689677e-09
31.8	3	4	2.68301059147547e-09
32	3	4	2.22141893768679e-09
32.2	3	4	1.83924064867114e-09
32.4	3	4	1.52281320886516e-09
32.6	3	4	1.26082466689326e-09
32.8	3	4	1.0439094033643e-09
33	3	4	8.64312732495875e-10
33.2	3	4	7.15614234536588e-10
33.4	3	4	5.92498161644528e-10
33.6	3	4	4.90563256683174e-10
33.8	3	4	4.06165545641102e-10
34	3	4	3.36287886426589e-10
34.2	3	4	2.78432166211928e-10
34.4	3	4	2.30530039502241e-10
34.6	3	4	1.90869098304347e-10
34.8	3	4	1.58031365771194e-10
35	3	4	1.30843225143451e-10
35.2	3	4	1.08332676163059e-10
35.4	3	4	8.96949181594664e-11
35.6	3	4	7.4263595273294e-11
35.8	3	4	6.14871487059077e-11
36	3	4	5.09087216826742e-11
36.2	3	4	4.21502832637088e-11
36.4	3	4	3.48985285114622e-11
36.6	3	4	2.88946644388943e-11
36.8	3	4	2.39234188015303e-11
37	3	4	1.98077110269423e-11
37.2	3	4	1.63998814528554e-11
37.4	3	4	1.35784716803755e-11
37.6	3	4	1.12422293696568e-11
37.8	3	4	9.30810983845731e-12
38	3	4	7.70672414773799e-12
38.2	3	4	6.38089581173062e-12
38.4	3	4	5.28310728498127e-12
38.6	3	4	4.37427871702312e-12
38.8	3	4	3.62154750632726e-12
39	3	4	2.99860136721009e-12
39.2	3	4	2.48256970536431e-12
39.4	3	4	2.05557793009348e-12
39.6	3	4	1.70197189675036e-12
39.8	3	4	1.40920608515671e-12
40	3	4	1.16662235427611e-12
40.2	3	4	9.66116076028811e-13
40.4	3	4	7.996936446375e-13
40.6	3	4	6.62137011886443e-13
40.8	3	4	5.48228129559902e-13
41	3	4	4.53970194769227e-13
41.2	3	4	3.75699471533153e-13
41.4	3	4	3.11306536104894e-13
41.6	3	4	2.57682764015499e-13
41.8	3	4	2.13384865332955e-13
0	4	5	0.9247097
0.2	4	5	0.9247097
0.4	4	5	0.9247097
0.6	4	5	0.9247097
0.8	4	5	0.9247097
1	4	5	0.9247097
1.2	4	5	0.9247097
1.4	4	5	0.9247097
1.6	4	5	0.9247097
1.8	4	5	0.9247097
2	4	5	0.9247097
2.2	4	5	0.9247097
2.4	4	5	0.924709699969921
2.6	4	5	0.924709699999823
2.8	4	5	0.924709699996502
3	4	5	0.924709699960458
3.2	4	5	0.924709699666761
3.4	4	5	0.924709697625977
3.6	4	5	0.924709684985047
3.8	4	5	0.924709614563613
4	4	5	0.924709263393746
4.2	4	5	0.924707710059863
4.4	4	5	0.924701670624944
4.6	4	5	0.924681168572933
4.8	4	5	0.924620579750926
5	4	5	0.924464470620104
5.2	4	5	0.924111718859299
5.4	4	5	0.923405810372966
5.6	4	5	0.922138896161233
5.8	4	5	0.920070209419338
6	4	5	0.916950798806957
6.2	4	5	0.912543395012154
6.4	4	5	0.906630344792284
6.6	4	5	0.899009598805842
6.8	4	5	0.889483717048989
7	4	5	0.877848048300628
7.2	4	5	0.863882866619446
7.4	4	5	0.847352203650222
7.6	4	5	0.828010523089738
7.8	4	5	0.805617435345599
8	4	5	0.779960033316288
8.2	4	5	0.750881737616087
8.4	4	5	0.718315501392345
8.6	4	5	0.682317814123425
8.8	4	5	0.643098425174061
9	4	5	0.601039626037363
9.2	4	5	0.556698982725805
9.4	4	5	0.510791167797316
9.6	4	5	0.464148079508954
9.8	4	5	0.417661065722607
10	4	5	0.372213421591958
10.2	4	5	0.328613862471496
10.4	4	5	0.287541409409986
10.6	4	5	0.249509162172807
10.8	4	5	0.214849897781343
11	4	5	0.183721891455875
11.2	4	5	0.156130103551666
11.4	4	5	0.131956474148412
11.6	4	5	0.110993342060562
11.8	4	5	0.0929753464509167
12	4	5	0.0776068929609161
12.2	4	5	0.0645838584314117
12.4	4	5	0.0536094028197628
12.6	4	5	0.0444044962968982
12.8	4	5	0.0367141207613521
13	4	5	0.0303101824458487
13.2	4	5	0.0249920876825818
13.4	4	5	0.0205857737564785
13.6	4	5	0.0169418079502294
13.8	4	5	0.0139330021705315
14	4	5	0.0114518520928294
14.2	4	5	0.00940800191540192
14.4	4	5	0.00772585621915134
14.6	4	5	0.00634240435194389
14.8	4	5	0.00520528498278838
15	4	5	0.00427109425518335
15.2	4	5	0.00350392639580999
15.4	4	5	0.00287412767255302
15.6	4	5	0.00235724100062262
15.8	4	5	0.00193311766508553
16	4	5	0.00158517345349651
16.2	4	5	0.00129976822859668
16.4	4	5	0.00106569013325197
16.6	4	5	0.000873727903922927
16.8	4	5	0.00071631699360486
17	4	5	0.000587247270256941
17.2	4	5	0.000481421914445557
17.4	4	5	0.000394658775013323
17.6	4	5	0.00032352685816972
17.8	4	5	0.00026521183830186
18	4	5	0.000217405508046498
18.2	4	5	0.000178214952492928
18.4	4	5	0.000146087959331798
18.6	4	5	0.000119751783424271
18.8	4	5	9.81628888118147e-05
19	4	5	8.04657096722394e-05
19.2	4	5	6.5958818049161e-05
19.4	4	5	5.40671722957242e-05
19.6	4	5	4.43193561824318e-05
19.8	4	5	3.63289130936861e-05
20	4	5	2.97790398220421e-05
20.2	4	5	2.44100361357358e-05
20.4	4	5	2.00090145469067e-05
20.6	4	5	1.64014636307996e-05
20.8	4	5	1.34443312811428e-05
21	4	5	1.10203542523779e-05
21.2	4	5	9.03340954283571e-06
21.4	4	5	7.40470356108691e-06
21.6	4	5	6.06964813987254e-06
21.8	4	5	4.97529963938703e-06
22	4	5	4.07825967074782e-06
22.2	4	5	3.34295424175846e-06
22.4	4	5	2.74022312563016e-06
22.6	4	5	2.24616352872964e-06
22.8	4	5	1.8411822251263e-06
23	4	5	1.50921857444697e-06
23.2	4	5	1.23710761856799e-06
23.4	4	5	1.01405800645438e-06
23.6	4	5	8.31224042374679e-07
23.8	4	5	6.81354892617669e-07
24	4	5	5.58507036063638e-07
24.2	4	5	4.57808559284345e-07
24.4	4	5	3.75265949092984e-07
24.6	4	5	3.07605717120296e-07
24.8	4	5	2.52144582324476e-07
25	4	5	2.06683056225287e-07
25.2	4	5	1.69418216011685e-07
25.4	4	5	1.38872204957785e-07
25.6	4	5	1.13833621973036e-07
25.8	4	5	9.33094815858126e-08
26	4	5	7.64858323343276e-08
26.2	4	5	6.26954774762822e-08
26.4	4	5	5.13915164868095e-08
26.6	4	5	4.21256534099967e-08
26.8	4	5	3.45304204119046e-08
27	4	5	2.83046038829227e-08
27.2	4	5	2.32012986600694e-08
27.4	4	5	1.90181166370706e-08
27.6	4	5	1.55891602959812e-08
27.8	4	5	1.27784427483846e-08
28	4	5	1.04744962703407e-08
28.2	4	5	8.58595006203444e-09
28.4	4	5	7.03790781209079e-09
28.6	4	5	5.76897674076093e-09
28.8	4	5	4.72883321389617e-09
29	4	5	3.87622711706115e-09
29.2	4	5	3.17734538679559e-09
29.4	4	5	2.60447163835664e-09
29.6	4	5	2.13488682287988e-09
29.8	4	5	1.74996783730563e-09
30	4	5	1.43444955913452e-09
30.2	4	5	1.1758191087452e-09
30.4	4	5	9.63819357657769e-10
30.6	4	5	7.90043364062853e-10
30.8	4	5	6.47598863423582e-10
31	4	5	5.30837152012964e-10
31.2	4	5	4.35127489595288e-10
31.4	4	5	3.56674245693966e-10
31.6	4	5	2.92366020282486e-10
31.8	4	5	2.39652742095586e-10
32	4	5	1.96443306066385e-10
32.2	4	5	1.61024638067886e-10
32.4	4	5	1.31992083929333e-10
32.6	4	5	1.08193898284981e-10
32.8	4	5	8.86866136085018e-11
33	4	5	7.26965154740356e-11
33.2	4	5	5.95893334676134e-11
33.4	4	5	4.88453721914084e-11
33.6	4	5	4.00385280485693e-11
33.8	4	5	3.28196358978516e-11
34	4	5	2.69023692212045e-11
34.2	4	5	2.20519158489196e-11
34.4	4	5	1.8075985153132e-11
34.6	4	5	1.48168144420424e-11
34.8	4	5	1.21452847778869e-11
35	4	5	9.95548088411624e-12
35.2	4	5	8.16047229790229e-12
35.4	4	5	6.68909372336657e-12
35.6	4	5	5.48328049632119e-12
35.8	4	5	4.49462689289248e-12
36	4	5	3.68416408491612e-12
36.2	4	5	3.01991764928289e-12
36.4	4	5	2.47546427800671e-12
36.6	4	5	2.02904359980494e-12
36.8	4	5	1.66333613549341e-12
37	4	5	1.36335387423969e-12
37.2	4	5	1.11755049658768e-12
37.4	4	5	9.16156039920679e-13
37.6	4	5	7.50843831553993e-13
37.8	4	5	6.15618667154649e-13
38	4	5	5.04485342389671e-13
38.2	4	5	4.13558076672871e-13
38.4	4	5	3.3895108941806e-13
38.6	4	5	2.77777800761214e-13
38.8	4	5	2.2770674235062e-13
39	4	5	1.86628490439489e-13
39.2	4	5	1.52988732793347e-13
39.4	4	5	1.25455201782643e-13
39.6	4	5	1.02917674382752e-13
39.8	4	5	8.43769498715119e-14
40	4	5	6.91668944341473e-14
40.2	4	5	5.6621374255883e-14
40.4	4	5	4.64073224293315e-14
40.6	4	5	3.79696274421804e-14
40.8	4	5	3.11972669919669e-14
41	4	5	2.56461518688411e-14
41.2	4	5	2.09832151654155e-14
41.4	4	5	1.72084568816899e-14
41.6	4	5	1.4210854715202e-14
41.8	4	5	1.15463194561016e-14
0	5	7	0.9247097
0.2	5	7	0.9247097
0.4	5	7	0.9247097
0.6	5	7	0.9247097
0.8	5	7	0.9247097
1	5	7	0.9247097
1.2	5	7	0.9247097
1.4	5	7	0.9247097
1.6	5	7	0.9247097
1.8	5	7	0.9247097
2	5	7	0.9247097
2.2	5	7	0.9247097
2.4	5	7	0.92470969999948
2.6	5	7	0.924709699999998
2.8	5	7	0.924709699999943
3	5	7	0.924709699999276
3.2	5	7	0.92470969999373
3.4	5	7	0.924709699955603
3.6	5	7	0.924709699724279
3.8	5	7	0.924709698467401
4	5	7	0.924709692369871
4.2	5	7	0.924709666173179
4.4	5	7	0.924709567313445
4.6	5	7	0.92470924144914
4.8	5	7	0.924708304845371
5	5	7	0.924705951092095
5.2	5	7	0.924700742604944
5.4	5	7	0.924690484668667
5.6	5	7	0.924672262060964
5.8	5	7	0.924642626621887
6	5	7	0.924597828475988
6.2	5	7	0.924533960494459
6.4	5	7	0.924446939588569
6.6	5	7	0.924332323955588
6.8	5	7	0.924185011491897
7	5	7	0.92399886972016
7.2	5	7	0.923766328026365
7.4	5	7	0.923477938499965
7.6	5	7	0.923121893006361
7.8	5	7	0.922683473325371
8	5	7	0.922144406076181
8.2	5	7	0.921482091894411
8.4	5	7	0.920668676994885
8.6	5	7	0.919669934025357
8.8	5	7	0.918443918063752
9	5	7	0.916939363473947
9.2	5	7	0.915093789444734
9.4	5	7	0.912831288395661
9.6	5	7	0.910059984909139
9.8	5	7	0.906669177436638
10	5	7	0.902526216115795
10.2	5	7	0.897473234545886
10.4	5	7	0.891323949545567
10.6	5	7	0.883860879375481
10.8	5	7	0.874833514324715
11	5	7	0.863958204148256
11.2	5	7	0.850920790712037
11.4	5	7	0.835383272137167
11.6	5	7	0.816995958562054
11.8	5	7	0.795416540906631
12	5	7	0.770337065559313
12.2	5	7	0.74151879550294
12.4	5	7	0.708833211667095
12.6	5	7	0.672305036317672
12.8	5	7	0.632150567273067
13	5	7	0.588802654331221
13.2	5	7	0.542913470654864
13.4	5	7	0.495328797412462
13.6	5	7	0.447032965415898
13.8	5	7	0.399070661635713
14	5	7	0.352458139565624
14.2	5	7	0.308099458210968
14.4	5	7	0.266721896684052
14.6	5	7	0.2288392880331
14.8	5	7	0.194744908030212
15	5	7	0.164529316694564
15.2	5	7	0.138114890844293
15.4	5	7	0.115298046356476
15.6	5	7	0.0957915942686446
15.8	5	7	0.0792621569196083
16	5	7	0.0653600948611668
16.2	5	7	0.0537413808462014
16.4	5	7	0.0440821220052851
16.6	5	7	0.036087051153895
16.8	5	7	0.0294934663956273
17	5	7	0.0240719840889151
17.2	5	7	0.0196252313834581
17.4	5	7	0.0159853364820297
17.6	5	7	0.0130108293512745
17.8	5	7	0.0105833644345903
18	5	7	0.00860452386399446
18.2	5	7	0.00699284973731895
18.4	5	7	0.00568117895478981
18.6	5	7	0.00461430536151652
18.8	5	7	0.0037469640875345
19	5	7	0.00304211611333505
19.2	5	7	0.00246950280552616
19.4	5	7	0.0020044373120458
19.6	5	7	0.00162680010722882
19.8	5	7	0.00132020818641088
20	5	7	0.00107133049474017
20.2	5	7	0.00086932555698449
20.4	5	7	0.000705380613256423
20.6	5	7	0.000572334673276775
20.8	5	7	0.000464370690521521
21	5	7	0.000376764498515203
21.2	5	7	0.000305680250613505
21.4	5	7	0.000248003886432202
21.6	5	7	0.000201207645930124
21.8	5	7	0.000163239901936785
22	5	7	0.000132435618751758
22.2	5	7	0.00010744360069892
22.4	5	7	8.71673991839073e-05
22.6	5	7	7.07173250624749e-05
22.8	5	7	5.73714865925723e-05
23	5	7	4.65441602233163e-05
23.2	5	7	3.77601173028319e-05
23.4	5	7	3.06337872604256e-05
23.6	5	7	2.48523475038231e-05
23.8	5	7	2.01620009436798e-05
24	5	7	1.63568408515502e-05
24.2	5	7	1.32698156104505e-05
24.4	5	7	1.07653976088029e-05
24.6	5	7	8.73363502840174e-06
24.8	5	7	7.08532577720078e-06
25	5	7	5.74810194353681e-06
25.2	5	7	4.66325303494219e-06
25.4	5	7	3.78314864069029e-06
25.6	5	7	3.06914742975728e-06
25.8	5	7	2.48990073270505e-06
26	5	7	2.01997625326467e-06
26.2	5	7	1.63874150460597e-06
26.4	5	7	1.32945796038619e-06
26.6	5	7	1.07854615982728e-06
26.8	5	7	8.74989502519519e-07
27	5	7	7.09850561997349e-07
27.2	5	7	5.75878684183628e-07
27.4	5	7	4.67191642261611e-07
27.6	5	7	3.79017372598156e-07
27.8	5	7	3.07484452011231e-07
28	5	7	2.49452119294169e-07
28.2	5	7	2.02372375968096e-07
28.4	5	7	1.64178112438407e-07
28.6	5	7	1.33192350482148e-07
28.8	5	7	1.08054611258623e-07
29	5	7	8.76611826461371e-08
29.2	5	7	7.11166585620759e-08
29.4	5	7	5.76946257435651e-08
29.6	5	7	4.68057679281486e-08
29.8	5	7	3.79719927723343e-08
30	5	7	3.08054390885104e-08
30.2	5	7	2.49914476890822e-08
30.4	5	7	2.02747464372877e-08
30.6	5	7	1.64482401032728e-08
30.8	5	7	1.3343920746145e-08
31	5	7	1.08254875064162e-08
31.2	5	7	8.7823649463914e-09
31.4	5	7	7.12484604648012e-09
31.6	5	7	5.78015513230667e-09
31.8	5	7	4.68925143159993e-09
32	5	7	3.80423659240847e-09
32.2	5	7	3.08625291989273e-09
32.4	5	7	2.50377629740228e-09
32.6	5	7	2.03123207143108e-09
32.8	5	7	1.64787239409492e-09
33	5	7	1.33686517411746e-09
33.2	5	7	1.08455500136273e-09
33.4	5	7	8.79864181513312e-10
33.6	5	7	7.13805015095659e-10
33.8	5	7	5.79086667507056e-10
34	5	7	4.69794092516906e-10
34.2	5	7	3.81128684168175e-10
34.4	5	7	3.09197334402711e-10
34.6	5	7	2.50841569737759e-10
34.8	5	7	2.03499550543995e-10
35	5	7	1.65092606252415e-10
35.2	5	7	1.33934308088612e-10
35.4	5	7	1.08656528219342e-10
35.6	5	7	8.81494877091882e-11
35.8	5	7	7.15129067074827e-11
36	5	7	5.80159253971146e-11
36.2	5	7	4.70664618390515e-11
36.4	5	7	3.81835674190256e-11
36.6	5	7	3.09769987438813e-11
36.8	5	7	2.51305642962052e-11
37	5	7	2.03876915350065e-11
37.2	5	7	1.65398805762607e-11
37.4	5	7	1.34182664979221e-11
37.6	5	7	1.08858477787521e-11
37.8	5	7	8.83126904938081e-12
38	5	7	7.16449122251106e-12
38.2	5	7	5.81235060082008e-12
38.4	5	7	4.71533923018796e-12
38.6	5	7	3.8254954759509e-12
38.8	5	7	3.10351744303716e-12
39	5	7	2.51776377524493e-12
39.2	5	7	2.04258832070536e-12
39.4	5	7	1.65700786425305e-12
39.6	5	7	1.34425803821614e-12
39.8	5	7	1.09068309939175e-12
40	5	7	8.84736728323787e-13
40.2	5	7	7.17870207722626e-13
40.4	5	7	5.82311976415895e-13
40.6	5	7	4.72510919280467e-13
40.8	5	7	3.83360010403067e-13
41	5	7	3.10862446895044e-13
41.2	5	7	2.52131648892373e-13
41.4	5	7	2.04725125740879e-13
41.6	5	7	1.66089364483923e-13
41.8	5	7	1.34670052887031e-13
0	7	9	0.9247097
0.2	7	9	0.9247097
0.4	7	9	0.9247097
0.6	7	9	0.9247097
0.8	7	9	0.9247097
1	7	9	0.9247097
1.2	7	9	0.9247097
1.4	7	9	0.9247097
1.6	7	9	0.9247097
1.8	7	9	0.9247097
2	7	9	0.9247097
2.2	7	9	0.9247097
2.4	7	9	0.924709699994979
2.6	7	9	0.924709699999989
2.8	7	9	0.924709699999492
3	7	9	0.924709699992385
3.2	7	9	0.924709699932483
3.4	7	9	0.924709699532033
3.6	7	9	0.924709697193214
3.8	7	9	0.924709685003991
4	7	9	0.924709628414414
4.2	7	9	0.924709396087221
4.4	7	9	0.924708558397041
4.6	7	9	0.924705916114477
4.8	7	9	0.924698624405754
5	7	9	0.924680941881403
5.2	7	9	0.924642944134265
5.4	7	9	0.924569748862551
5.6	7	9	0.924441618910502
5.8	7	9	0.924234788059628
6	7	9	0.923922395973349
6.2	7	9	0.923474859839215
6.4	7	9	0.92285930749737
6.6	7	9	0.922038063191412
6.8	7	9	0.92096638864044
7	7	9	0.919589703871383
7.2	7	9	0.917840426708839
7.4	7	9	0.915634469425426
7.6	7	9	0.912867368707602
7.8	7	9	0.909410017558701
8	7	9	0.905104016157694
8.2	7	9	0.899756764335967
8.4	7	9	0.8931365893221
8.6	7	9	0.884968453029737
8.8	7	9	0.874931127980157
9	7	9	0.862657172948201
9.2	7	9	0.847737550099682
9.4	7	9	0.829733215143322
9.6	7	9	0.808196294137976
9.8	7	9	0.782703224178949
10	7	9	0.75290106218005
10.2	7	9	0.71856564775537
10.4	7	9	0.679666310633516
10.6	7	9	0.636426879587778
10.8	7	9	0.58936842048549
11	7	9	0.539317826227987
11.2	7	9	0.487370442557964
11.4	7	9	0.434804934578344
11.6	7	9	0.382962052258508
11.8	7	9	0.333110566607904
12	7	9	0.286328024090291
12.2	7	9	0.243418927629968
12.4	7	9	0.204880998324878
12.6	7	9	0.170916811944307
12.8	7	9	0.141478475986846
13	7	9	0.1163293991559
13.2	7	9	0.0951088240552844
13.4	7	9	0.0773892455772793
13.6	7	9	0.0627217436772741
13.8	7	9	0.0506681552730419
14	7	9	0.0408214197548465
14.2	7	9	0.0328165214328101
14.4	7	9	0.0263346371267928
14.6	7	9	0.021102791129929
14.8	7	9	0.0168908249892288
15	7	9	0.0135069848447738
15.2	7	9	0.0107929988217248
15.4	7	9	0.00861918665047945
15.6	7	9	0.00687990827147056
15.8	7	9	0.00548950039640983
16	7	9	0.00437875031325796
16.2	7	9	0.00349189735722255
16.4	7	9	0.00278412084872004
16.6	7	9	0.0022194590118606
16.8	7	9	0.0017690995719839
17	7	9	0.00140998483577104
17.2	7	9	0.0011236791782685
17.4	7	9	0.000895453219468045
17.6	7	9	0.000713545532933568
17.8	7	9	0.000568568928236868
18	7	9	0.000453033918175527
18.2	7	9	0.000360966825236675
18.4	7	9	0.000287604101882777
18.6	7	9	0.000229147889277304
18.8	7	9	0.000182570694901241
19	7	9	0.000145459413223414
19.2	7	9	0.000115890824516462
19.4	7	9	9.23322571609875e-05
19.6	7	9	7.35623516119333e-05
19.8	7	9	5.86078735931306e-05
20	7	9	4.66933354472676e-05
20.2	7	9	3.72008355441489e-05
20.4	7	9	2.96380471708213e-05
20.6	7	9	2.36127056679747e-05
20.8	7	9	1.8812276244895e-05
21	7	9	1.4987751474238e-05
21.2	7	9	1.19407403200711e-05
21.4	7	9	9.51318042363702e-06
21.6	7	9	7.57914091320533e-06
21.8	7	9	6.03829108769549e-06
22	7	9	4.81069653290866e-06
22.2	7	9	3.83267294545853e-06
22.4	7	9	3.05348272300332e-06
22.6	7	9	2.43270304456367e-06
22.8	7	9	1.93812896054357e-06
23	7	9	1.54410274932903e-06
23.2	7	9	1.23018289410748e-06
23.4	7	9	9.80083643575824e-07
23.6	7	9	7.80830151536627e-07
23.8	7	9	6.22085372881109e-07
24	7	9	4.95613798778827e-07
24.2	7	9	3.94854213547902e-07
24.4	7	9	3.14579309490526e-07
24.6	7	9	2.50624500819363e-07
24.8	7	9	1.99671871814466e-07
25	7	9	1.59078046180205e-07
25.2	7	9	1.26737052852377e-07
25.4	7	9	1.00971069505462e-07
25.6	7	9	8.04433792911396e-08
25.8	7	9	6.40890233105651e-08
26	7	9	5.10595519198631e-08
26.2	7	9	4.0679007051736e-08
26.4	7	9	3.24088551550972e-08
26.6	7	9	2.58200472114112e-08
26.8	7	9	2.05707617606521e-08
27	7	9	1.63886703097305e-08
27.2	7	9	1.30568093004158e-08
27.4	7	9	1.04023245572904e-08
27.6	7	9	8.2875039053576e-09
27.8	7	9	6.60263188567711e-09
28	7	9	5.26029886316337e-09
28.2	7	9	4.19086598757445e-09
28.4	7	9	3.33885152858926e-09
28.6	7	9	2.66005384386148e-09
28.8	7	9	2.11925776927302e-09
29	7	9	1.68840696979089e-09
29.2	7	9	1.34514921423801e-09
29.4	7	9	1.07167674734399e-09
29.6	7	9	8.53802029077144e-10
29.8	7	9	6.80221656779167e-10
30	7	9	5.41930722519623e-10
30.2	7	9	4.31754854091082e-10
30.4	7	9	3.43977846206656e-10
30.6	7	9	2.74046230153147e-10
30.8	7	9	2.18332019130685e-10
31	7	9	1.73944414427751e-10
31.2	7	9	1.38581035535879e-10
31.4	7	9	1.10407127884571e-10
31.6	7	9	8.79611938842118e-11
31.8	7	9	7.0078498559667e-11
32	7	9	5.58312285292573e-11
32.2	7	9	4.44805303700946e-11
32.4	7	9	3.54375417899178e-11
32.6	7	9	2.82330825385202e-11
32.8	7	9	2.24931184789057e-11
33	7	9	1.79203318850796e-11
33.2	7	9	1.42770240074697e-11
33.4	7	9	1.13744569318897e-11
33.6	7	9	9.06208441620038e-12
33.8	7	9	7.21966930683493e-12
34	7	9	5.75184344597801e-12
34.2	7	9	4.58244553414033e-12
34.4	7	9	3.65096841647983e-12
34.6	7	9	2.90867330221545e-12
34.8	7	9	2.31736851930009e-12
35	7	9	1.84607884534671e-12
35.2	7	9	1.47071244072094e-12
35.4	7	9	1.17184040249185e-12
35.6	7	9	9.33586541407294e-13
35.8	7	9	7.43738404196392e-13
36	7	9	5.92526028242446e-13
36.2	7	9	4.72066830070617e-13
36.4	7	9	3.76143560743003e-13
36.6	7	9	2.99538172043867e-13
36.8	7	9	2.38808972596871e-13
37	7	9	1.90181204118289e-13
37.2	7	9	1.51545442861334e-13
37.4	7	9	1.20681242776755e-13
37.6	7	9	9.61453139325386e-14
37.8	7	9	7.66053886991358e-14
38	7	9	6.09512440519211e-14
38.2	7	9	4.86277684785819e-14
38.4	7	9	3.88578058618805e-14
38.6	7	9	3.07531777821168e-14
38.8	7	9	2.46469511466785e-14
39	7	9	1.95399252334028e-14
39.2	7	9	1.56541446472147e-14
39.4	7	9	1.25455201782643e-14
39.6	7	9	9.88098491916389e-15
39.8	7	9	7.7715611723761e-15
40	7	9	6.32827124036339e-15
40.2	7	9	4.88498130835069e-15
40.4	7	9	3.88578058618805e-15
40.6	7	9	3.10862446895044e-15
40.8	7	9	2.44249065417534e-15
41	7	9	1.99840144432528e-15
41.2	7	9	1.66533453693773e-15
41.4	7	9	1.22124532708767e-15
41.6	7	9	9.99200722162641e-16
41.8	7	9	7.7715611723761e-16
0	9	11	0.9247097
0.2	9	11	0.9247097
0.4	9	11	0.9247097
0.6	9	11	0.9247097
0.8	9	11	0.9247097
1	9	11	0.9247097
1.2	9	11	0.9247097
1.4	9	11	0.9247097
1.6	9	11	0.9247097
1.8	9	11	0.9247097
2	9	11	0.9247097
2.2	9	11	0.9247097
2.4	9	11	0.924709699966705
2.6	9	11	0.924709699999955
2.8	9	11	0.924709699996808
3	9	11	0.924709699946339
3.2	9	11	0.924709699523711
3.4	9	11	0.924709696784611
3.6	9	11	0.924709681310691
3.8	9	11	0.924709603342261
4	9	11	0.924709253633681
4.2	9	11	0.924707867018249
4.4	9	11	0.924703035076581
4.6	9	11	0.924688275761878
4.8	9	11	0.924648701351032
5	9	11	0.924555036526951
5.2	9	11	0.924357552362769
5.4	9	11	0.923982190737754
5.6	9	11	0.923330234075476
5.8	9	11	0.922280749279272
6	9	11	0.920693338137688
6.2	9	11	0.918408628676403
6.4	9	11	0.915245176977431
6.6	9	11	0.910992956345491
6.8	9	11	0.905404620603777
7	9	11	0.898186151949151
7.2	9	11	0.888988662643032
7.4	9	11	0.877403362120015
7.6	9	11	0.862962202538795
7.8	9	11	0.84514743593313
8	9	11	0.823413991958363
8.2	9	11	0.797228706351816
8.4	9	11	0.766129235846424
8.6	9	11	0.729802116031791
8.8	9	11	0.688173319142405
9	9	11	0.641496438876997
9.2	9	11	0.590415810060084
9.4	9	11	0.535978963351909
9.6	9	11	0.479579469859447
9.8	9	11	0.422828691353629
10	9	11	0.367378062779431
10.2	9	11	0.314731810391698
10.4	9	11	0.266093718515107
10.6	9	11	0.222278610659233
10.8	9	11	0.183696734034489
11	9	11	0.150398336979177
11.2	9	11	0.122154293291515
11.4	9	11	0.0985479374125536
11.6	9	11	0.0790596477755043
11.8	9	11	0.0631342380147396
12	9	11	0.0502284228214557
12.2	9	11	0.0398401725945419
12.4	9	11	0.0315238212626691
12.6	9	11	0.0248951340567354
12.8	9	11	0.0196299882123412
13	9	11	0.015459451745835
13.2	9	11	0.0121631915502441
13.4	9	11	0.0095624426662877
13.6	9	11	0.00751325668868696
13.8	9	11	0.00590039838265255
14	9	11	0.00463203836569848
14.2	9	11	0.00363525903761308
14.4	9	11	0.00285232047867756
14.6	9	11	0.00223760043743304
14.8	9	11	0.00175511242372173
15	9	11	0.00137650827424995
15.2	9	11	0.00107948010562009
15.4	9	11	0.000846487584997058
15.6	9	11	0.000663747831202821
15.8	9	11	0.000520435917968798
16	9	11	0.000408053396818819
16.2	9	11	0.000319930343051777
16.4	9	11	0.000250833191320687
16.6	9	11	0.000196656192482658
16.8	9	11	0.000154178849349318
17	9	11	0.000120875337980109
17.2	9	11	9.47648441526061e-05
17.4	9	11	7.42940745788179e-05
17.6	9	11	5.82450527243372e-05
17.8	9	11	4.56627742292381e-05
18	9	11	3.57984545439338e-05
18.2	9	11	2.80650144571792e-05
18.4	9	11	2.20021683946525e-05
18.6	9	11	1.72490463072883e-05
18.8	9	11	1.3522724917947e-05
19	9	11	1.06013937254401e-05
19.2	9	11	8.31115574062569e-06
19.4	9	11	6.51567849163648e-06
19.6	9	11	5.1080800147485e-06
19.8	9	11	4.00456728455456e-06
20	9	11	3.13944867491589e-06
20.2	9	11	2.46122372427049e-06
20.4	9	11	1.92951753485993e-06
20.6	9	11	1.51267738157657e-06
20.8	9	11	1.18588849185031e-06
21	9	11	9.29696857610018e-07
21.2	9	11	7.28851154208066e-07
21.4	9	11	5.71394832449279e-07
21.6	9	11	4.47954346505242e-07
21.8	9	11	3.51181143942725e-07
22	9	11	2.75314201214627e-07
22.2	9	11	2.15837066885882e-07
22.4	9	11	1.69208993150427e-07
22.6	9	11	1.3265415199637e-07
22.8	9	11	1.03996386724425e-07
23	9	11	8.15296633538409e-08
23.2	9	11	6.39165089744154e-08
23.4	9	11	5.01083892157084e-08
23.6	9	11	3.92832883999716e-08
23.8	9	11	3.07967743529147e-08
24	9	11	2.41436330927769e-08
24.2	9	11	1.89277946649469e-08
24.4	9	11	1.48387530041205e-08
24.6	9	11	1.16330820532085e-08
24.8	9	11	9.11994435526253e-09
25	9	11	7.14972903104183e-09
25.2	9	11	5.60514645808752e-09
25.4	9	11	4.39424585607640e-09
25.6	9	11	3.44494055504185e-09
25.8	9	11	2.70071742747291e-09
26	9	11	2.11727146925966e-09
26.2	9	11	1.65986946409902e-09
26.4	9	11	1.30128163799981e-09
26.6	9	11	1.02016084468914e-09
26.8	9	11	7.99771693316131e-10
27	9	11	6.26994123287261e-10
27.2	9	11	4.91542251346289e-10
27.4	9	11	3.85352638687664e-10
27.6	9	11	3.02103453364566e-10
27.8	9	11	2.36838881839674e-10
28	9	11	1.85673698638311e-10
28.2	9	11	1.45561895870117e-10
28.4	9	11	1.14115716876029e-10
28.6	9	11	8.94627705250173e-11
28.8	9	11	7.01357860677376e-11
29	9	11	5.49840173391658e-11
29.2	9	11	4.31057411987013e-11
29.4	9	11	3.37935235350528e-11
29.6	9	11	2.64929189697227e-11
29.8	9	11	2.07696082554776e-11
30	9	11	1.6282641901455e-11
30.2	9	11	1.27650112702327e-11
30.4	9	11	1.00074393216687e-11
30.6	9	11	7.84527998121121e-12
30.8	9	11	6.15052453412090e-12
31	9	11	4.82192064055198e-12
31.2	9	11	3.78008735424373e-12
31.4	9	11	2.96351831963193e-12
31.6	9	11	2.3232527013306e-12
31.8	9	11	1.82143189420003e-12
32	9	11	1.42785783197041e-12
32.2	9	11	1.11943787572955e-12
32.4	9	11	8.77520278663724e-13
32.6	9	11	6.8800520836021e-13
32.8	9	11	5.39346345362901e-13
33	9	11	4.2277292777726e-13
33.2	9	11	3.31401572850609e-13
33.4	9	11	2.59903210064749e-13
33.6	9	11	2.03725925018716e-13
33.8	9	11	1.5976109324356e-13
34	9	11	1.25233157177718e-13
34.2	9	11	9.81437153768638e-14
34.4	9	11	7.70494779089859e-14
34.6	9	11	6.03961325396085e-14
34.8	9	11	4.71844785465692e-14
35	9	11	3.71924713249427e-14
35.2	9	11	2.91988655476416e-14
35.4	9	11	2.27595720048157e-14
35.6	9	11	1.7874590696465e-14
35.8	9	11	1.3988810110277e-14
36	9	11	1.08801856413265e-14
36.2	9	11	8.65973959207622e-15
36.4	9	11	6.77236045021345e-15
36.6	9	11	5.32907051820075e-15
36.8	9	11	4.10782519111308e-15
37	9	11	3.33066907387547e-15
37.2	9	11	2.44249065417534e-15
37.4	9	11	1.99840144432528e-15
37.6	9	11	1.66533453693773e-15
37.8	9	11	1.22124532708767e-15
38	9	11	9.99200722162641e-16
38.2	9	11	7.7715611723761e-16
38.4	9	11	6.66133814775094e-16
38.6	9	11	4.44089209850063e-16
38.8	9	11	4.44089209850063e-16
39	9	11	2.22044604925031e-16
39.2	9	11	2.22044604925031e-16
39.4	9	11	2.22044604925031e-16
39.6	9	11	2.22044604925031e-16
39.8	9	11	2.22044604925031e-16
40	9	11	0
40.2	9	11	0
40.4	9	11	0
40.6	9	11	0
40.8	9	11	0
41	9	11	0
41.2	9	11	0
41.4	9	11	0
41.6	9	11	0
41.8	9	11	0
0	11	13	0.9247097
0.2	11	13	0.9247097
0.4	11	13	0.9247097
0.6	11	13	0.9247097
0.8	11	13	0.9247097
1	11	13	0.9247097
1.2	11	13	0.9247097
1.4	11	13	0.9247097
1.6	11	13	0.9247097
1.8	11	13	0.9247097
2	11	13	0.9247097
2.2	11	13	0.9247097
2.4	11	13	0.924709699992329
2.6	11	13	0.924709699999993
2.8	11	13	0.924709699999292
3	11	13	0.924709699987059
3.2	11	13	0.924709699886524
3.4	11	13	0.924709699255244
3.6	11	13	0.924709695793713
3.8	11	13	0.924709678850532
4	11	13	0.924709605031318
4.2	11	13	0.924709320644547
4.4	11	13	0.924708356672245
4.6	11	13	0.924705485926595
4.8	11	13	0.924697955596714
5	11	13	0.924680443292099
5.2	11	13	0.924643980210321
5.4	11	13	0.924575167617113
5.6	11	13	0.924455850330419
5.8	11	13	0.924263089890946
6	11	13	0.92396903682503
6.2	11	13	0.923540282266166
6.4	11	13	0.922936421328855
6.6	11	13	0.922107735188335
6.8	11	13	0.920991993735436
7	11	13	0.919510384784232
7.2	11	13	0.917562531665291
7.4	11	13	0.915020518841543
7.6	11	13	0.911721843642272
7.8	11	13	0.907461282129833
8	11	13	0.90198183277354
8.2	11	13	0.894965229941332
8.4	11	13	0.886023061759459
8.6	11	13	0.874690349033141
8.8	11	13	0.860424579650608
9	11	13	0.842614582025272
9.2	11	13	0.820604976384608
9.4	11	13	0.793742598859532
9.6	11	13	0.761450091344849
9.8	11	13	0.723327276298259
10	11	13	0.679271832490161
10.2	11	13	0.629597822873425
10.4	11	13	0.575117999639275
10.6	11	13	0.517151462427355
10.8	11	13	0.457430330446132
11	11	13	0.397908911275961
11.2	11	13	0.340515501765371
11.4	11	13	0.286911083500058
11.6	11	13	0.238316185291594
11.8	11	13	0.19543894888377
12	11	13	0.15850072888921
12.2	11	13	0.127328880686155
12.4	11	13	0.101478089389163
12.6	11	13	0.0803483648813218
12.8	11	13	0.063281062681845
13	11	13	0.0496266724006371
13.2	11	13	0.038786264236078
13.4	11	13	0.0302322504651236
13.6	11	13	0.0235148278386796
13.8	11	13	0.0182595934791493
14	11	13	0.0141604284838981
14.2	11	13	0.0109703950873619
14.4	11	13	0.00849232287893609
14.6	11	13	0.00657000234366478
14.8	11	13	0.00508041210740973
15	11	13	0.00392711036845572
15.2	11	13	0.00303475764931527
15.4	11	13	0.00234465841523379
15.6	11	13	0.00181117923811935
15.8	11	13	0.0013988988263538
16	11	13	0.00108035666444029
16.2	11	13	0.000834284151427167
16.4	11	13	0.000644220529961603
16.6	11	13	0.000497433280647885
16.8	11	13	0.000384078013757616
17	11	13	0.000296545922242042
17.2	11	13	0.000228957631337789
17.4	11	13	0.00017677102371072
17.6	11	13	0.00013647762651936
17.8	11	13	0.000105367710900417
18	11	13	8.13486423785204e-05
18.2	11	13	6.28044635860858e-05
18.4	11	13	4.84873817121478e-05
18.6	11	13	3.74339303496063e-05
18.8	11	13	2.89002063339483e-05
19	11	13	2.23118482970408e-05
19.2	11	13	1.72254053469878e-05
19.4	11	13	1.32985046633616e-05
19.6	11	13	1.02668153304508e-05
19.8	11	13	7.9262609744557e-06
20	11	13	6.11928576654819e-06
20.2	11	13	4.72425041153635e-06
20.4	11	13	3.64724498203017e-06
20.6	11	13	2.8157678532148e-06
20.8	11	13	2.1738454708542e-06
21	11	13	1.67826455577114e-06
21.2	11	13	1.29566319895247e-06
21.4	11	13	1.000285063113e-06
21.6	11	13	7.72245546509787e-07
21.8	11	13	5.9619319792148e-07
22	11	13	4.60276288527517e-07
22.2	11	13	3.55344971003646e-07
22.4	11	13	2.74335325012309e-07
22.6	11	13	2.11793820481532e-07
22.8	11	13	1.63510192163763e-07
23	11	13	1.26234007247206e-07
23.2	11	13	9.7455847947181e-08
23.4	11	13	7.52383800817213e-08
23.6	11	13	5.80859325083338e-08
23.8	11	13	4.48438091105174e-08
24	11	13	3.46205547563372e-08
24.2	11	13	2.67279435250956e-08
24.4	11	13	2.06346483233588e-08
24.6	11	13	1.59304702762597e-08
24.8	11	13	1.22987259265628e-08
25	11	13	9.49492728885559e-09
25.2	11	13	7.33032401445399e-09
25.4	11	13	5.65919544559534e-09
25.6	11	13	4.36904201706056e-09
25.8	11	13	3.37301087061093e-09
26	11	13	2.60404953156268e-09
26.2	11	13	2.01039207503584e-09
26.4	11	13	1.55207346974606e-09
26.6	11	13	1.1982399517052e-09
26.8	11	13	9.25071574897629e-10
27	11	13	7.14178605143445e-10
27.2	11	13	5.51364065515259e-10
27.4	11	13	4.25666835113248e-10
27.6	11	13	3.28625571199836e-10
27.8	11	13	2.53707388431224e-10
28	11	13	1.95868432584234e-10
28.2	11	13	1.51215373556113e-10
28.4	11	13	1.16742060463082e-10
28.6	11	13	9.01277941167677e-11
28.8	11	13	6.958089660003e-11
29	11	13	5.37182520687907e-11
29.2	11	13	4.14719369956629e-11
29.4	11	13	3.20173887402575e-11
29.6	11	13	2.47182274648594e-11
29.8	11	13	1.90830684587695e-11
30	11	13	1.47326595367758e-11
30.2	11	13	1.13739018203773e-11
30.4	11	13	8.78097594636529e-12
30.6	11	13	6.77902178836121e-12
30.8	11	13	5.23359133808299e-12
31	11	13	4.04043465351833e-12
31.2	11	13	3.11928260998684e-12
31.4	11	13	2.40829578501689e-12
31.6	11	13	1.85917947703729e-12
31.8	11	13	1.43540734853786e-12
32	11	13	1.10811360087837e-12
32.2	11	13	8.55648885078608e-13
32.4	11	13	6.60582699651968e-13
32.6	11	13	5.09814412907872e-13
32.8	11	13	3.93574062229618e-13
33	11	13	3.03868041839905e-13
33.2	11	13	2.34701147405758e-13
33.4	11	13	1.81077375316363e-13
33.6	11	13	1.39777078800307e-13
33.8	11	13	1.08024700296028e-13
34	11	13	8.33777491493493e-14
34.2	11	13	6.42819131257966e-14
34.4	11	13	4.9737991503207e-14
34.6	11	13	3.84137166520304e-14
34.8	11	13	2.95319324550292e-14
35	11	13	2.27595720048157e-14
35.2	11	13	1.765254609154e-14
35.4	11	13	1.35447209004269e-14
35.6	11	13	1.04360964314765e-14
35.8	11	13	8.21565038222616e-15
36	11	13	6.32827124036339e-15
36.2	11	13	4.88498130835069e-15
36.4	11	13	3.66373598126302e-15
36.6	11	13	2.88657986402541e-15
36.8	11	13	2.22044604925031e-15
37	11	13	1.66533453693773e-15
37.2	11	13	1.22124532708767e-15
37.4	11	13	9.99200722162641e-16
37.6	11	13	7.7715611723761e-16
37.8	11	13	6.66133814775094e-16
38	11	13	4.44089209850063e-16
38.2	11	13	4.44089209850063e-16
38.4	11	13	2.22044604925031e-16
38.6	11	13	2.22044604925031e-16
38.8	11	13	2.22044604925031e-16
39	11	13	2.22044604925031e-16
39.2	11	13	0
39.4	11	13	0
39.6	11	13	0
39.8	11	13	0
40	11	13	0
40.2	11	13	0
40.4	11	13	0
40.6	11	13	0
40.8	11	13	0
41	11	13	0
41.2	11	13	0
41.4	11	13	0
41.6	11	13	0
41.8	11	13	0
0	13	15	0.9247097
0.2	13	15	0.9247097
0.4	13	15	0.9247097
0.6	13	15	0.9247097
0.8	13	15	0.9247097
1	13	15	0.9247097
1.2	13	15	0.9247097
1.4	13	15	0.9247097
1.6	13	15	0.9247097
1.8	13	15	0.9247097
2	13	15	0.9247097
2.2	13	15	0.9247097
2.4	13	15	0.924709699936763
2.6	13	15	0.924709699999967
2.8	13	15	0.924709699994343
3	13	15	0.924709699888544
3.2	13	15	0.924709699051444
3.4	13	15	0.924709694008252
3.6	13	15	0.924709667315638
3.8	13	15	0.924709540969771
4	13	15	0.924709008406395
4.2	13	15	0.924707021725423
4.4	13	15	0.924700487716538
4.6	13	15	0.924681544395091
4.8	13	15	0.924632950149414
5	13	15	0.92452183759919
5.2	13	15	0.924293038315331
5.4	13	15	0.923863524354873
5.6	13	15	0.923118699733373
5.8	13	15	0.921909792935763
6	13	15	0.920050531213129
6.2	13	15	0.917311263064563
6.4	13	15	0.913409550234976
6.6	13	15	0.90799742071906
6.8	13	15	0.900646623747557
7	13	15	0.890834415743545
7.2	13	15	0.877933914343322
7.4	13	15	0.861215111249891
7.6	13	15	0.839865114072948
7.8	13	15	0.813038289832045
8	13	15	0.779946862927052
8.2	13	15	0.739997222608974
8.4	13	15	0.692963620714237
8.6	13	15	0.639168676119774
8.8	13	15	0.579615658041113
9	13	15	0.516006299325513
9.2	13	15	0.45059769693566
9.4	13	15	0.385906642370166
9.6	13	15	0.324336319836073
9.8	13	15	0.267837963514153
10	13	15	0.217702655073714
10.2	13	15	0.174518345958225
10.4	13	15	0.138263705186598
10.6	13	15	0.108476170672538
10.8	13	15	0.0844324557174491
11	13	15	0.0653011491856544
11.2	13	15	0.050251304793313
11.4	13	15	0.0385180312105882
11.6	13	15	0.029434285156965
11.8	13	15	0.0224397947229951
12	13	15	0.0170764672652477
12.2	13	15	0.0129770431480665
12.4	13	15	0.00985132640283937
12.6	13	15	0.00747247548573271
12.8	13	15	0.0056645963939761
13	13	15	0.00429212239962795
13.2	13	15	0.00325104196578097
13.4	13	15	0.00246182630844949
13.6	13	15	0.00186382306511823
13.8	13	15	0.00141086574613236
14	13	15	0.00106786552008642
14.2	13	15	0.000808182645816058
14.4	13	15	0.000611608911137429
14.6	13	15	0.000462824574339438
14.8	13	15	0.000350221359079583
15	13	15	0.00026500646033456
15.2	13	15	0.00020052149425609
15.4	13	15	0.000151725413144899
15.6	13	15	0.000114802244597367
15.8	13	15	8.68637132820371e-05
16	13	15	6.57239036552237e-05
16.2	13	15	4.97285738275677e-05
16.4	13	15	3.76259016785507e-05
16.6	13	15	2.84686263664069e-05
16.8	13	15	2.15399710390418e-05
17	13	15	1.62975741937466e-05
17.2	13	15	1.2331055477155e-05
17.4	13	15	9.32990256485855e-06
17.6	13	15	7.0591700138678e-06
17.8	13	15	5.34109042671371e-06
18	13	15	4.04115990704224e-06
18.2	13	15	3.0576093749124e-06
18.4	13	15	2.31343798362538e-06
18.6	13	15	1.75038524241611e-06
18.8	13	15	1.3243700918153e-06
19	13	15	1.00203995956338e-06
19.2	13	15	7.5815967748305e-07
19.4	13	15	5.73635868361677e-07
19.6	13	15	4.34022152107083e-07
19.8	13	15	3.28388151116243e-07
20	13	15	2.48463758123485e-07
20.2	13	15	1.87991673006316e-07
20.4	13	15	1.42237519207278e-07
20.6	13	15	1.07619190448105e-07
20.8	13	15	8.14264066173465e-08
21	13	15	6.16085256144316e-08
21.2	13	15	4.66139986610159e-08
21.4	13	15	3.52688989124772e-08
21.6	13	15	2.66850144203801e-08
21.8	13	15	2.01903096463951e-08
22	13	15	1.5276311993162e-08
22.2	13	15	1.15583026483179e-08
22.4	13	15	8.7451970109953e-09
22.6	13	15	6.6167562540187e-09
22.8	13	15	5.00634389499766e-09
23	13	15	3.78788012067588e-09
23.2	13	15	2.86597079401929e-09
23.4	13	15	2.16843953904089e-09
23.6	13	15	1.6406759284493e-09
23.8	13	15	1.24136168011546e-09
24	13	15	9.3923413491126e-10
24.2	13	15	7.10639769252452e-10
24.4	13	15	5.37681232870568e-10
24.6	13	15	4.06818245757279e-10
24.8	13	15	3.07805225752134e-10
25	13	15	2.32890484674897e-10
25.2	13	15	1.76208603264172e-10
25.4	13	15	1.33322131112834e-10
25.6	13	15	1.00873753794417e-10
25.8	13	15	7.63226148947638e-11
26	13	15	5.7746918358248e-11
26.2	13	15	4.36922720226107e-11
26.4	13	15	3.30582228258436e-11
26.6	13	15	2.50125475886875e-11
26.8	13	15	1.8924750655458e-11
27	13	15	1.4318879415498e-11
27.2	13	15	1.08338893411997e-11
27.4	13	15	8.19710965771492e-12
27.6	13	15	6.20214990476597e-12
27.8	13	15	4.69257965818315e-12
28	13	15	3.55049323275125e-12
28.2	13	15	2.68629563038303e-12
28.4	13	15	2.03248529118127e-12
28.6	13	15	1.53788093371077e-12
28.8	13	15	1.16362475210963e-12
29	13	15	8.80406858527749e-13
29.2	13	15	6.66133814775094e-13
29.4	13	15	5.04041253179821e-13
29.6	13	15	3.81250586656279e-13
29.8	13	15	2.88435941797616e-13
30	13	15	2.18269846641306e-13
30.2	13	15	1.65090163761761e-13
30.4	13	15	1.25011112572793e-13
30.6	13	15	9.44799793956008e-14
30.8	13	15	7.14983627858601e-14
31	13	15	5.41788836017076e-14
31.2	13	15	4.08562073062058e-14
31.4	13	15	3.09752223870419e-14
31.6	13	15	2.34257058195908e-14
31.8	13	15	1.765254609154e-14
32	13	15	1.33226762955019e-14
32.2	13	15	1.01030295240889e-14
32.4	13	15	7.54951656745106e-15
32.6	13	15	5.77315972805081e-15
32.8	13	15	4.32986979603811e-15
33	13	15	3.33066907387547e-15
33.2	13	15	2.44249065417534e-15
33.4	13	15	1.88737914186277e-15
33.6	13	15	1.4432899320127e-15
33.8	13	15	9.99200722162641e-16
34	13	15	7.7715611723761e-16
34.2	13	15	6.66133814775094e-16
34.4	13	15	4.44089209850063e-16
34.6	13	15	4.44089209850063e-16
34.8	13	15	2.22044604925031e-16
35	13	15	2.22044604925031e-16
35.2	13	15	2.22044604925031e-16
35.4	13	15	2.22044604925031e-16
35.6	13	15	0
35.8	13	15	0
36	13	15	0
36.2	13	15	0
36.4	13	15	0
36.6	13	15	0
36.8	13	15	0
37	13	15	0
37.2	13	15	0
37.4	13	15	0
37.6	13	15	0
37.8	13	15	0
38	13	15	0
38.2	13	15	0
38.4	13	15	0
38.6	13	15	0
38.8	13	15	0
39	13	15	0
39.2	13	15	0
39.4	13	15	0
39.6	13	15	0
39.8	13	15	0
40	13	15	0
40.2	13	15	0
40.4	13	15	0
40.6	13	15	0
40.8	13	15	0
41	13	15	0
41.2	13	15	0
41.4	13	15	0
41.6	13	15	0
41.8	13	15	0
0	15	17	0.9247097
0.2	15	17	0.9247097
0.4	15	17	0.9247097
0.6	15	17	0.9247097
0.8	15	17	0.9247097
1	15	17	0.9247097
1.2	15	17	0.9247097
1.4	15	17	0.9247097
1.6	15	17	0.9247097
1.8	15	17	0.9247097
2	15	17	0.9247097
2.2	15	17	0.9247097
2.4	15	17	0.924709699939546
2.6	15	17	0.924709699999981
2.8	15	17	0.924709699994665
3	15	17	0.924709699890185
3.2	15	17	0.92470969910655
3.4	15	17	0.924709694584648
3.6	15	17	0.924709671456728
3.8	15	17	0.924709565432158
4	15	17	0.924709132214495
4.2	15	17	0.92470756319542
4.4	15	17	0.924702539166081
4.6	15	17	0.924688300899149
4.8	15	17	0.92465241427919
5	15	17	0.924571319400079
5.2	15	17	0.924405264300022
5.4	15	17	0.924093368722925
5.6	15	17	0.923549081871066
5.8	15	17	0.922655464296529
6	15	17	0.921259092132166
6.2	15	17	0.919161282037087
6.4	15	17	0.916105706534955
6.6	15	17	0.911762096211579
6.8	15	17	0.905706528836113
7	15	17	0.897399952692175
7.2	15	17	0.886168436180349
7.4	15	17	0.87119156972931
7.6	15	17	0.851509631846253
7.8	15	17	0.826064988757165
8	15	17	0.793796556865052
8.2	15	17	0.753803383641109
8.4	15	17	0.705577740573024
8.6	15	17	0.649274618528173
8.8	15	17	0.585938923379847
9	15	17	0.517579244798694
9.2	15	17	0.446996253566895
9.4	15	17	0.377363358118253
9.6	15	17	0.31167918075601
9.8	15	17	0.252282484120006
10	15	17	0.200584507027513
10.2	15	17	0.157060052863215
10.4	15	17	0.121430301852881
10.6	15	17	0.0929260356034062
10.8	15	17	0.0705381405437767
11	15	17	0.0532067234306332
11.2	15	17	0.0399392054677776
11.4	15	17	0.0298694035410451
11.6	15	17	0.0222761770542108
11.8	15	17	0.016578442369672
12	15	17	0.012318718177503
12.2	15	17	0.00914280700794623
12.4	15	17	0.00677978746762675
12.6	15	17	0.00502426424602165
12.8	15	17	0.00372152794509972
13	15	17	0.00275560172021838
13.2	15	17	0.00203984880108099
13.4	15	17	0.0015097169360605
13.6	15	17	0.00111720029918871
13.8	15	17	0.000826648266018193
14	15	17	0.00061161294972123
14.2	15	17	0.000452488604032908
14.4	15	17	0.000334749722248118
14.6	15	17	0.000247639114085207
14.8	15	17	0.000183192740719318
15	15	17	0.000135515792977992
15.2	15	17	0.000100245787821307
15.4	15	17	7.41546446227925e-05
15.6	15	17	5.48539162373851e-05
15.8	15	17	4.05765158810745e-05
16	15	17	3.00151331024123e-05
16.2	15	17	2.22026401972553e-05
16.4	15	17	1.64235904386301e-05
16.6	15	17	1.21487321733671e-05
16.8	15	17	8.98655721792707e-06
17	15	17	6.64745472245265e-06
17.2	15	17	4.91719216622055e-06
17.4	15	17	3.63729721553074e-06
17.6	15	17	2.69054502577415e-06
17.8	15	17	1.99022253566383e-06
18	15	17	1.47218687773787e-06
18.2	15	17	1.08899075357272e-06
18.4	15	17	8.05536833348164e-07
18.6	15	17	5.95863229646554e-07
18.8	15	17	4.4076565708373e-07
19	15	17	3.26038506859305e-07
19.2	15	17	2.411737475283e-07
19.4	15	17	1.78398484318443e-07
19.6	15	17	1.31963031169136e-07
19.8	15	17	9.76142900954713e-08
20	15	17	7.2206204237979e-08
20.2	15	17	5.34116050276978e-08
20.4	15	17	3.95090639093709e-08
20.6	15	17	2.92252240186031e-08
20.8	15	17	2.1618171697213e-08
21	15	17	1.5991163615503e-08
21.2	15	17	1.18288133732491e-08
21.4	15	17	8.74988381749375e-09
21.6	15	17	6.47237086148778e-09
21.8	15	17	4.78767314682216e-09
22	15	17	3.54148665948628e-09
22.2	15	17	2.61967081360837e-09
22.4	15	17	1.93779492452251e-09
22.6	15	17	1.43340506131295e-09
22.8	15	17	1.06030306756821e-09
23	15	17	7.84316167568022e-10
23.2	15	17	5.80166026331597e-10
23.4	15	17	4.29154156655898e-10
23.6	15	17	3.17449400100145e-10
23.8	15	17	2.34820385358603e-10
24	15	17	1.73698722072402e-10
24.2	15	17	1.28486554729079e-10
24.4	15	17	9.50426404244809e-11
24.6	15	17	7.03038738336659e-11
24.8	15	17	5.20045118079793e-11
25	15	17	3.84682286025395e-11
25.2	15	17	2.84552381657477e-11
25.4	15	17	2.10487183238683e-11
25.6	15	17	1.55698787196457e-11
25.8	15	17	1.15172316128564e-11
26	15	17	8.5194074017636e-12
26.2	15	17	6.30184793237731e-12
26.4	15	17	4.66149341349364e-12
26.6	15	17	3.44824169218327e-12
26.8	15	17	2.55051535447137e-12
27	15	17	1.88671300804799e-12
27.2	15	17	1.39566136425628e-12
27.4	15	17	1.03239639059893e-12
27.6	15	17	7.63611396337183e-13
27.8	15	17	5.6488147492928e-13
28	15	17	4.17887946468909e-13
28.2	15	17	3.08975067753181e-13
28.4	15	17	2.28705943072782e-13
28.6	15	17	1.69197988952874e-13
28.8	15	17	1.25011112572793e-13
29	15	17	9.25926002537381e-14
29.2	15	17	6.83897383169096e-14
29.4	15	17	5.07371922253697e-14
29.6	15	17	3.74145159298678e-14
29.8	15	17	2.77555756156289e-14
30	15	17	2.05391259555654e-14
30.2	15	17	1.52100554373646e-14
30.4	15	17	1.13242748511766e-14
30.6	15	17	8.21565038222616e-15
30.8	15	17	6.10622663543836e-15
31	15	17	4.55191440096314e-15
31.2	15	17	3.33066907387547e-15
31.4	15	17	2.44249065417534e-15
31.6	15	17	1.88737914186277e-15
31.8	15	17	1.4432899320127e-15
32	15	17	9.99200722162641e-16
32.2	15	17	7.7715611723761e-16
32.4	15	17	6.66133814775094e-16
32.6	15	17	4.44089209850063e-16
32.8	15	17	2.22044604925031e-16
33	15	17	2.22044604925031e-16
33.2	15	17	2.22044604925031e-16
33.4	15	17	2.22044604925031e-16
33.6	15	17	0
33.8	15	17	0
34	15	17	0
34.2	15	17	0
34.4	15	17	0
34.6	15	17	0
34.8	15	17	0
35	15	17	0
35.2	15	17	0
35.4	15	17	0
35.6	15	17	0
35.8	15	17	0
36	15	17	0
36.2	15	17	0
36.4	15	17	0
36.6	15	17	0
36.8	15	17	0
37	15	17	0
37.2	15	17	0
37.4	15	17	0
37.6	15	17	0
37.8	15	17	0
38	15	17	0
38.2	15	17	0
38.4	15	17	0
38.6	15	17	0
38.8	15	17	0
39	15	17	0
39.2	15	17	0
39.4	15	17	0
39.6	15	17	0
39.8	15	17	0
40	15	17	0
40.2	15	17	0
40.4	15	17	0
40.6	15	17	0
40.8	15	17	0
41	15	17	0
41.2	15	17	0
41.4	15	17	0
41.6	15	17	0
41.8	15	17	0
0	17	200	0.9247097
0.2	17	200	0.9247097
0.4	17	200	0.9247097
0.6	17	200	0.9247097
0.8	17	200	0.9247097
1	17	200	0.9247097
1.2	17	200	0.9247097
1.4	17	200	0.9247097
1.6	17	200	0.9247097
1.8	17	200	0.9247097
2	17	200	0.9247097
2.2	17	200	0.9247097
2.4	17	200	0.924709699390138
2.6	17	200	0.924709699999886
2.8	17	200	0.924709699945778
3	17	200	0.924709698875791
3.2	17	200	0.924709691364351
3.4	17	200	0.924709649814532
3.6	17	200	0.924709444055655
3.8	17	200	0.924708528758159
4	17	200	0.924704894692057
4.2	17	200	0.924692076113234
4.4	17	200	0.924651960237991
4.6	17	200	0.924540330864192
4.8	17	200	0.924262588889232
5	17	200	0.923639530168864
5.2	17	200	0.922366316567292
5.4	17	200	0.919969568465208
5.6	17	200	0.915766873152775
5.8	17	200	0.908831927814047
6	17	200	0.897970683890623
6.2	17	200	0.881721872492524
6.4	17	200	0.858408773895005
6.6	17	200	0.826282964386644
6.8	17	200	0.783802751046591
7	17	200	0.730058845844333
7.2	17	200	0.665279658953452
7.4	17	200	0.591233165812633
7.6	17	200	0.511271004232785
7.8	17	200	0.429847219612631
8	17	200	0.35160853024584
8.2	17	200	0.280421396358245
8.4	17	200	0.21873814139198
8.6	17	200	0.167478296926134
8.8	17	200	0.126320113915546
9	17	200	0.0941641520546275
9.2	17	200	0.0695673271984107
9.4	17	200	0.0510516667309284
9.6	17	200	0.0372789790015102
9.8	17	200	0.0271237428558511
10	17	200	0.0196834558417074
10.2	17	200	0.0142573595729282
10.4	17	200	0.0103132572904718
10.6	17	200	0.00745315082455777
10.8	17	200	0.00538260001475988
11	17	200	0.00388542704858896
11.2	17	200	0.00280376269380189
11.4	17	200	0.00202275408855956
11.6	17	200	0.00145906612480728
11.8	17	200	0.00105234591166603
12	17	200	0.000758942477052105
12.2	17	200	0.0005473140164729
12.4	17	200	0.000394683519030714
12.6	17	200	0.000284610684967324
12.8	17	200	0.000205232759091456
13	17	200	0.000147991856908392
13.2	17	200	0.000106715183440853
13.4	17	200	7.69507657281121e-05
13.6	17	200	5.54879550550558e-05
13.8	17	200	4.00114228517046e-05
14	17	200	2.8851544263464e-05
14.2	17	200	2.08043475281583e-05
14.4	17	200	1.50016561494271e-05
14.6	17	200	1.08174385811122e-05
14.8	17	200	7.80027324753796e-06
15	17	200	5.62464797060347e-06
15.2	17	200	4.05584193552411e-06
15.4	17	200	2.92460237727443e-06
15.6	17	200	2.10888429985623e-06
15.8	17	200	1.52068331416011e-06
16	17	200	1.09654105096002e-06
16.2	17	200	7.9069880587479e-07
16.4	17	200	5.70160770041461e-07
16.6	17	200	4.11134226441234e-07
16.8	17	200	2.96462642435102e-07
17	17	200	2.13774722812587e-07
17.2	17	200	1.54149725872799e-07
17.4	17	200	1.11155046278455e-07
17.6	17	200	8.01522337390281e-08
17.8	17	200	5.77965733050689e-08
18	17	200	4.16762431232343e-08
18.2	17	200	3.0052115240764e-08
18.4	17	200	2.16701308008993e-08
18.6	17	200	1.56260075989678e-08
18.8	17	200	1.12676806773848e-08
19	17	200	8.12495637436683e-09
19.2	17	200	5.85878479064661e-09
19.4	17	200	4.22468227068151e-09
19.6	17	200	3.04635527914598e-09
19.8	17	200	2.1966813923413e-09
20	17	200	1.58399415806088e-09
20.2	17	200	1.1421945611545e-09
20.4	17	200	8.23619616951987e-10
20.6	17	200	5.93899707190815e-10
20.8	17	200	4.28252211470692e-10
21	17	200	3.0880642487574e-10
21.2	17	200	2.22675655692228e-10
21.4	17	200	1.60568003337858e-10
21.6	17	200	1.15783160836713e-10
21.8	17	200	8.3489548607929e-11
22	17	200	6.02030647556262e-11
22.2	17	200	4.34116076419855e-11
22.4	17	200	3.13035153354235e-11
22.6	17	200	2.25723884028639e-11
22.8	17	200	1.6276646697122e-11
23	17	200	1.17369447494298e-11
23.2	17	200	8.46334113902003e-12
23.4	17	200	6.10267392175956e-12
23.6	17	200	4.40059100270673e-12
23.8	17	200	3.17312842668116e-12
24	17	200	2.28816965375245e-12
24.2	17	200	1.65001345919791e-12
24.4	17	200	1.18971499318832e-12
24.6	17	200	8.57869331127858e-13
24.8	17	200	6.18616269321137e-13
25	17	200	4.4619863359685e-13
25.2	17	200	3.2174263253637e-13
25.4	17	200	2.32036612146658e-13
25.6	17	200	1.67310609811011e-13
25.8	17	200	1.20570220474292e-13
26	17	200	8.70414851306123e-14
26.2	17	200	6.26165785888588e-14
26.4	17	200	4.51860771022439e-14
26.6	17	200	3.26405569239796e-14
26.8	17	200	2.36477504245158e-14
27	17	200	1.70974345792274e-14
27.2	17	200	1.23234755733392e-14
27.4	17	200	8.88178419700125e-15
27.6	17	200	6.32827124036339e-15
27.8	17	200	4.55191440096314e-15
28	17	200	3.33066907387547e-15
28.2	17	200	2.44249065417534e-15
28.4	17	200	1.66533453693773e-15
28.6	17	200	1.22124532708767e-15
28.8	17	200	7.7715611723761e-16
29	17	200	6.66133814775094e-16
29.2	17	200	4.44089209850063e-16
29.4	17	200	4.44089209850063e-16
29.6	17	200	2.22044604925031e-16
29.8	17	200	2.22044604925031e-16
30	17	200	2.22044604925031e-16
30.2	17	200	0
30.4	17	200	0
30.6	17	200	0
30.8	17	200	0
31	17	200	0
31.2	17	200	0
31.4	17	200	0
31.6	17	200	0
31.8	17	200	0
32	17	200	0
32.2	17	200	0
32.4	17	200	0
32.6	17	200	0
32.8	17	200	0
33	17	200	0
33.2	17	200	0
33.4	17	200	0
33.6	17	200	0
33.8	17	200	0
34	17	200	0
34.2	17	200	0
34.4	17	200	0
34.6	17	200	0
34.8	17	200	0
35	17	200	0
35.2	17	200	0
35.4	17	200	0
35.6	17	200	0
35.8	17	200	0
36	17	200	0
36.2	17	200	0
36.4	17	200	0
36.6	17	200	0
36.8	17	200	0
37	17	200	0
37.2	17	200	0
37.4	17	200	0
37.6	17	200	0
37.8	17	200	0
38	17	200	0
38.2	17	200	0
38.4	17	200	0
38.6	17	200	0
38.8	17	200	0
39	17	200	0
39.2	17	200	0
39.4	17	200	0
39.6	17	200	0
39.8	17	200	0
40	17	200	0
40.2	17	200	0
40.4	17	200	0
40.6	17	200	0
40.8	17	200	0
41	17	200	0
41.2	17	200	0
41.4	17	200	0
41.6	17	200	0
41.8	17	200	0
