2010	0	.083333	.040481	.4014834
2010	.0833333	1	.040481	.0583379
2010	1	5	.040481	.0380348
2010	5	10	.040481	.0395061
2010	10	15	.040481	.0347255
2010	15	20	.040481	.0240849
2010	20	25	.040481	.0300902
2010	25	30	.040481	.0357914
2010	30	35	.040481	.0443123
2010	35	40	.040481	.0604932
2010	40	45	.040481	.0466799
2010	45	50	.040481	.0426199
2010	50	55	.040481	.0268332
2010	55	60	.040481	.049361
2010	60	65	.040481	.0234852
2010	65	70	.040481	.0988317
2010	70	75	.040481	.046755
2010	75	80	.040481	.1638875
2010	80	85	.040481	.1148753
2010	85	90	.040481	.3409079
2010	90	95	.040481	.2239224
2010	95	200	.040481	.8338688
2011	0	.083333	.0400241	.3890291
2011	.0833333	1	.0400241	.0572705
2011	1	5	.0400241	.0375316
2011	5	10	.0400241	.0357704
2011	10	15	.0400241	.0406455
2011	15	20	.0400241	.0210199
2011	20	25	.0400241	.0332062
2011	25	30	.0400241	.0303282
2011	30	35	.0400241	.0474799
2011	35	40	.0400241	.0535866
2011	40	45	.0400241	.0557307
2011	45	50	.0400241	.0372669
2011	50	55	.0400241	.0349081
2011	55	60	.0400241	.0406657
2011	60	65	.0400241	.0326616
2011	65	70	.0400241	.082895
2011	70	75	.0400241	.0650984
2011	75	80	.0400241	.1402477
2011	80	85	.0400241	.1423596
2011	85	90	.0400241	.2963592
2011	90	95	.0400241	.2909565
2011	95	200	.0400241	.6769959
2012	0	.083333	.0395672	.3765976
2012	.0833333	1	.0395672	.056205
2012	1	5	.0395672	.0370301
2012	5	10	.0395672	.0308671
2012	10	15	.0395672	.0472168
2012	15	20	.0395672	.017641
2012	20	25	.0395672	.0372738
2012	25	30	.0395672	.0236782
2012	30	35	.0395672	.0523744
2012	35	40	.0395672	.0437858
2012	40	45	.0395672	.067397
2012	45	50	.0395672	.0289473
2012	50	55	.0395672	.0474528
2012	55	60	.0395672	.0260945
2012	60	65	.0395672	.050517
2012	65	70	.0395672	.055842
2012	70	75	.0395672	.0966032
2012	75	80	.0395672	.1011388
2012	80	85	.0395672	.1899229
2012	85	90	.0395672	.2242871
2012	90	95	.0395672	.4077189
2012	95	200	.0395672	.4631971
2013	0	.083333	.0391103	.3641889
2013	.0833333	1	.0391103	.0551412
2013	1	5	.0391103	.0365303
2013	5	10	.0391103	.0255717
2013	10	15	.0391103	.0532362
2013	15	20	.0391103	.0148623
2013	20	25	.0391103	.0414083
2013	25	30	.0391103	.0171043
2013	30	35	.0391103	.057428
2013	35	40	.0391103	.0334489
2013	40	45	.0391103	.0788052
2013	45	50	.0391103	.0204952
2013	50	55	.0391103	.0611307
2013	55	60	.0391103	.0100917
2013	60	65	.0391103	.0711894
2013	65	70	.0391103	.0258413
2013	70	75	.0391103	.1311949
2013	75	80	.0391103	.0590152
2013	80	85	.0391103	.242208
2013	85	90	.0391103	.148404
2013	90	95	.0391103	.5403511
2013	95	200	.0391103	.2928634
2014	0	.083333	.0386534	.3518029
2014	.0833333	1	.0386534	.0540793
2014	1	5	.0386534	.0360323
2014	5	10	.0386534	.020808
2014	10	15	.0386534	.0572935
2014	15	20	.0386534	.0137762
2014	20	25	.0386534	.0445241
2014	25	30	.0386534	.0121439
2014	30	35	.0386534	.0606991
2014	35	40	.0386534	.0253801
2014	40	45	.0386534	.0865357
2014	45	50	.0386534	.0153735
2014	50	55	.0386534	.0717185
2014	55	60	.0386534	1.00e-06
2014	60	65	.0386534	.0851514
2014	65	70	.0386534	.0049708
2014	70	75	.0386534	.153768
2014	75	80	.0386534	.031669
2014	80	85	.0386534	.2758521
2014	85	90	.0386534	.1000814
2014	90	95	.0386534	.6286644
2014	95	200	.0386534	.2122422
2015	0	.083333	.0381965	.3394396
2015	.0833333	1	.0381965	.0530187
2015	1	5	.0381965	.0355362
2015	5	10	.0381965	.0171524
2015	10	15	.0381965	.0586072
2015	15	20	.0381965	.0149269
2015	20	25	.0381965	.0460079
2015	25	30	.0381965	.0096892
2015	30	35	.0381965	.0610794
2015	35	40	.0381965	.0211582
2015	40	45	.0381965	.0887318
2015	45	50	.0381965	.0154543
2015	50	55	.0381965	.0767258
2015	55	60	.0381965	1.00e-06
2015	60	65	.0381965	.0867386
2015	65	70	.0381965	.0001205
2015	70	75	.0381965	.1555876
2015	75	80	.0381965	.0289329
2015	80	85	.0381965	.2772308
2015	85	90	.0381965	.0955174
2015	90	95	.0381965	.6324155
2015	95	200	.0381965	.20797
2016	0	.083333	.0377831	.331641
2016	.0833333	1	.0377831	.0521915
2016	1	5	.0377831	.0350398
2016	5	10	.0377831	.0147105
2016	10	15	.0377831	.057001
2016	15	20	.0377831	.0185837
2016	20	25	.0377831	.0454897
2016	25	30	.0377831	.010086
2016	30	35	.0377831	.0581942
2016	35	40	.0377831	.0212745
2016	40	45	.0377831	.084862
2016	45	50	.0377831	.0214169
2016	50	55	.0377831	.0751869
2016	55	60	.0377831	1.00e-06
2016	60	65	.0377831	.0864931
2016	65	70	.0377831	.0002089
2016	70	75	.0377831	.1490944
2016	75	80	.0377831	.0365491
2016	80	85	.0377831	.2649014
2016	85	90	.0377831	.1093595
2016	90	95	.0377831	.5999504
2016	95	200	.0377831	.2323271
2017	0	.083333	.0373697	.3238511
2017	.0833333	1	.0373697	.051365
2017	1	5	.0373697	.034544
2017	5	10	.0373697	.0132548
2017	10	15	.0373697	.0531138
2017	15	20	.0373697	.0240719
2017	20	25	.0373697	.0434409
2017	25	30	.0373697	.0127338
2017	30	35	.0373697	.0528824
2017	35	40	.0373697	.0246292
2017	40	45	.0373697	.0765058
2017	45	50	.0373697	.0315727
2017	50	55	.0373697	.0688015
2017	55	60	.0373697	.0081051
2017	60	65	.0373697	.0763149
2017	65	70	.0373697	.0132835
2017	70	75	.0373697	.1260762
2017	75	80	.0373697	.0638763
2017	80	85	.0373697	.2269707
2017	85	90	.0373697	.1579971
2017	90	95	.0373697	.5033864
2017	95	200	.0373697	.3244195
2018	0	.083333	.0369563	.3160697
2018	.0833333	1	.0369563	.0505389
2018	1	5	.0369563	.034049
2018	5	10	.0369563	.0125422
2018	10	15	.0369563	.0480177
2018	15	20	.0369563	.0298853
2018	20	25	.0369563	.0410711
2018	25	30	.0369563	.0164238
2018	30	35	.0369563	.0467173
2018	35	40	.0369563	.0292565
2018	40	45	.0369563	.0664498
2018	45	50	.0369563	.042655
2018	50	55	.0369563	.0608823
2018	55	60	.0369563	.0209487
2018	60	65	.0369563	.0607873
2018	65	70	.0369563	.0333208
2018	70	75	.0369563	.095348
2018	75	80	.0369563	.0999626
2018	80	85	.0369563	.1786699
2018	85	90	.0369563	.2221948
2018	90	95	.0369563	.3860294
2018	95	200	.0369563	.477799
2019	0	.083333	.0365429	.3082969
2019	.0833333	1	.0365429	.0497136
2019	1	5	.0365429	.0335545
2019	5	10	.0365429	.0122216
2019	10	15	.0365429	.0430495
2019	15	20	.0365429	.0341814
2019	20	25	.0365429	.039907
2019	25	30	.0365429	.0196008
2019	30	35	.0365429	.0416877
2019	35	40	.0365429	.0326625
2019	40	45	.0365429	.0580889
2019	45	50	.0365429	.0506795
2019	50	55	.0365429	.0555816
2019	55	60	.0365429	.0314596
2019	60	65	.0365429	.0486763
2019	65	70	.0365429	.0492846
2019	70	75	.0365429	.0712323
2019	75	80	.0365429	.1268011
2019	80	85	.0365429	.143282
2019	85	90	.0365429	.2697143
2019	90	95	.0365429	.3036316
2019	95	200	.0365429	.617111
2020	0	.083333	.0361295	.3005325
2020	.0833333	1	.0361295	.0488889
2020	1	5	.0361295	.033061
2020	5	10	.0361295	.0120474
2020	10	15	.0361295	.0390674
2020	15	20	.0361295	.0358814
2020	20	25	.0361295	.0407928
2020	25	30	.0361295	.0213289
2020	30	35	.0361295	.0389933
2020	35	40	.0361295	.0333629
2020	40	45	.0361295	.0534007
2020	45	50	.0361295	.0534003
2020	50	55	.0361295	.0552405
2020	55	60	.0361295	.036711
2020	60	65	.0361295	.0437849
2020	65	70	.0361295	.0559376
2020	70	75	.0361295	.0603659
2020	75	80	.0361295	.1356893
2020	80	85	.0361295	.1312034
2020	85	90	.0361295	.2844841
2020	90	95	.0361295	.2766172
2020	95	200	.0361295	.6658987
2021	0	.083333	.0358002	.293458
2021	.0833333	1	.0358002	.0481745
2021	1	5	.0358002	.0326733
2021	5	10	.0358002	.0118739
2021	10	15	.0358002	.0363423
2021	15	20	.0358002	.0346353
2021	20	25	.0358002	.0441843
2021	25	30	.0358002	.0210382
2021	30	35	.0358002	.0391799
2021	35	40	.0358002	.0307618
2021	40	45	.0358002	.0531179
2021	45	50	.0358002	.0500304
2021	50	55	.0358002	.0608319
2021	55	60	.0358002	.0354363
2021	60	65	.0358002	.0474819
2021	65	70	.0358002	.0514625
2021	70	75	.0358002	.064923
2021	75	80	.0358002	.1237384
2021	80	85	.0358002	.1460086
2021	85	90	.0358002	.2606648
2021	90	95	.0358002	.3114141
2021	95	200	.0358002	.5937712
2022	0	.083333	.0354709	.2863906
2022	.0833333	1	.0354709	.0474607
2022	1	5	.0354709	.032286
2022	5	10	.0354709	.0118757
2022	10	15	.0354709	.0344462
2022	15	20	.0354709	.0312901
2022	20	25	.0354709	.0491855
2022	25	30	.0354709	.0194378
2022	30	35	.0354709	.0413987
2022	35	40	.0354709	.0259676
2022	40	45	.0354709	.0558487
2022	45	50	.0354709	.0424475
2022	50	55	.0354709	.0703174
2022	55	60	.0354709	.0296967
2022	60	65	.0354709	.0571944
2022	65	70	.0354709	.0392891
2022	70	75	.0354709	.08044
2022	75	80	.0354709	.0973222
2022	80	85	.0354709	.1796839
2022	85	90	.0354709	.2107202
2022	90	95	.0354709	.3905641
2022	95	200	.0354709	.4578279
2023	0	.083333	.0351416	.2793304
2023	.0833333	1	.0351416	.0467476
2023	1	5	.0351416	.0318992
2023	5	10	.0351416	.0120356
2023	10	15	.0351416	.0331477
2023	15	20	.0351416	.0268908
2023	20	25	.0351416	.0543067
2023	25	30	.0351416	.0177278
2023	30	35	.0351416	.0444443
2023	35	40	.0351416	.0205387
2023	40	45	.0351416	.0596291
2023	45	50	.0351416	.0334125
2023	50	55	.0351416	.0804208
2023	55	60	.0351416	.0228048
2023	60	65	.0351416	.069096
2023	65	70	.0351416	.0245064
2023	70	75	.0351416	.1001163
2023	75	80	.0351416	.0663028
2023	80	85	.0351416	.2190636
2023	85	90	.0351416	.15442
2023	90	95	.0351416	.484966
2023	95	200	.0351416	.331423
2024	0	.083333	.0348123	.2722772
2024	.0833333	1	.0348123	.0460349
2024	1	5	.0348123	.0315129
2024	5	10	.0348123	.0123495
2024	10	15	.0348123	.032091
2024	15	20	.0348123	.0227619
2024	20	25	.0348123	.0577081
2024	25	30	.0348123	.0174409
2024	30	35	.0348123	.0467503
2024	35	40	.0348123	.0164669
2024	40	45	.0348123	.0619473
2024	45	50	.0348123	.0263109
2024	50	55	.0348123	.0871246
2024	55	60	.0348123	.0189286
2024	60	65	.0348123	.0782421
2024	65	70	.0348123	.0135953
2024	70	75	.0348123	.1150434
2024	75	80	.0348123	.0427776
2024	80	85	.0348123	.2472085
2024	85	90	.0348123	.1148825
2024	90	95	.0348123	.5533671
2024	95	200	.0348123	.2595587
2025	0	.083333	.034483	.2652312
2025	.0833333	1	.034483	.045323
2025	1	5	.034483	.0311271
2025	5	10	.034483	.0128016
2025	10	15	.034483	.0310408
2025	15	20	.034483	.019742
2025	20	25	.034483	.0583324
2025	25	30	.034483	.0194048
2025	30	35	.034483	.0473906
2025	35	40	.034483	.0149376
2025	40	45	.034483	.0613279
2025	45	50	.034483	.0230989
2025	50	55	.034483	.0881909
2025	55	60	.034483	.0203887
2025	60	65	.034483	.081677
2025	65	70	.034483	.0103954
2025	70	75	.034483	.1197453
2025	75	80	.034483	.0337411
2025	80	85	.034483	.2539777
2025	85	90	.034483	.1046216
2025	90	95	.034483	.5686991
2025	95	200	.034483	.2442023
2026	0	.083333	.0342087	.2587838
2026	.0833333	1	.0342087	.0446998
2026	1	5	.0342087	.0308176
2026	5	10	.0342087	.0132826
2026	10	15	.0342087	.0300743
2026	15	20	.0342087	.017868
2026	20	25	.0342087	.0560844
2026	25	30	.0342087	.0238025
2026	30	35	.0342087	.0460719
2026	35	40	.0342087	.016204
2026	40	45	.0342087	.0574885
2026	45	50	.0342087	.0241747
2026	50	55	.0342087	.0832117
2026	55	60	.0342087	.0277407
2026	60	65	.0342087	.0785655
2026	65	70	.0342087	.01582
2026	70	75	.0342087	.1128738
2026	75	80	.0342087	.0408665
2026	80	85	.0342087	.2369059
2026	85	90	.0342087	.1267649
2026	90	95	.0342087	.5237945
2026	95	200	.0342087	.2841978
2027	0	.083333	.0339344	.2523425
2027	.0833333	1	.0339344	.0440776
2027	1	5	.0339344	.0305083
2027	5	10	.0339344	.0138219
2027	10	15	.0339344	.0292269
2027	15	20	.0339344	.0168631
2027	20	25	.0339344	.0516683
2027	25	30	.0339344	.0298881
2027	30	35	.0339344	.0433368
2027	35	40	.0339344	.0195921
2027	40	45	.0339344	.0513617
2027	45	50	.0339344	.0283506
2027	50	55	.0339344	.0738818
2027	55	60	.0339344	.0391532
2027	60	65	.0339344	.0707571
2027	65	70	.0339344	.0275254
2027	70	75	.0339344	.0977639
2027	75	80	.0339344	.0597277
2027	80	85	.0339344	.2031926
2027	85	90	.0339344	.1720786
2027	90	95	.0339344	.4394016
2027	95	200	.0339344	.3767867
2028	0	.083333	.0336601	.2459071
2028	.0833333	1	.0336601	.0434552
2028	1	5	.0336601	.0301995
2028	5	10	.0336601	.0143613
2028	10	15	.0336601	.0285397
2028	15	20	.0336601	.0164427
2028	20	25	.0336601	.0462098
2028	25	30	.0336601	.03609
2028	30	35	.0336601	.0404731
2028	35	40	.0336601	.0238057
2028	40	45	.0336601	.0446138
2028	45	50	.0336601	.0335601
2028	50	55	.0336601	.0631196
2028	55	60	.0336601	.0511839
2028	60	65	.0336601	.0617738
2028	65	70	.0336601	.0414576
2028	70	75	.0336601	.0799573
2028	75	80	.0336601	.082896
2028	80	85	.0336601	.164603
2028	85	90	.0336601	.2243606
2028	90	95	.0336601	.3479549
2028	95	200	.0336601	.5049379
2029	0	.083333	.0333858	.2394777
2029	.0833333	1	.0333858	.0428339
2029	1	5	.0333858	.029891
2029	5	10	.0333858	.0148378
2029	10	15	.0333858	.0280716
2029	15	20	.0333858	.0161942
2029	20	25	.0333858	.0411155
2029	25	30	.0333858	.0404837
2029	30	35	.0333858	.03911
2029	35	40	.0333858	.0271785
2029	40	45	.0333858	.0393532
2029	45	50	.0333858	.0371798
2029	50	55	.0333858	.0544697
2029	55	60	.0333858	.0596431
2029	60	65	.0333858	.056011
2029	65	70	.0333858	.0524175
2029	70	75	.0333858	.0664145
2029	75	80	.0333858	.1007252
2029	80	85	.0333858	.1351249
2029	85	90	.0333858	.2627034
2029	90	95	.0333858	.2836604
2029	95	200	.0333858	.6135566
2030	0	.083333	.0331115	.2330542
2030	.0833333	1	.0331115	.0422126
2030	1	5	.0331115	.029583
2030	5	10	.0331115	.0152019
2030	10	15	.0331115	.0278563
2030	15	20	.0331115	.0158372
2030	20	25	.0331115	.0372783
2030	25	30	.0331115	.041954
2030	30	35	.0331115	.0401431
2030	35	40	.0331115	.0287159
2030	40	45	.0331115	.0368382
2030	45	50	.0331115	.0376633
2030	50	55	.0331115	.0499769
2030	55	60	.0331115	.0621897
2030	60	65	.0331115	.0559218
2030	65	70	.0331115	.0573023
2030	70	75	.0331115	.0612192
2030	75	80	.0331115	.107331
2030	80	85	.0331115	.1225693
2030	85	90	.0331115	.2745323
2030	90	95	.0331115	.2629473
2030	95	200	.0331115	.6492776
2031	0	.083333	.0328253	.2275157
2031	.0833333	1	.0328253	.0416326
2031	1	5	.0328253	.0292763
2031	5	10	.0328253	.0154424
2031	10	15	.0328253	.0278736
2031	15	20	.0328253	.0153578
2031	20	25	.0328253	.0348267
2031	25	30	.0328253	.0403083
2031	30	35	.0328253	.0438674
2031	35	40	.0328253	.0280049
2031	40	45	.0328253	.0374425
2031	45	50	.0328253	.0346013
2031	50	55	.0328253	.0501698
2031	55	60	.0328253	.0582683
2031	60	65	.0328253	.0622356
2031	65	70	.0328253	.0550802
2031	70	75	.0328253	.0654927
2031	75	80	.0328253	.1010934
2031	80	85	.0328253	.1288879
2031	85	90	.0328253	.2565705
2031	90	95	.0328253	.2896578
2031	95	200	.0328253	.5938972
2032	0	.083333	.0325391	.2219815
2032	.0833333	1	.0325391	.0410526
2032	1	5	.0325391	.0289699
2032	5	10	.0325391	.0155536
2032	10	15	.0325391	.0280786
2032	15	20	.0325391	.0148666
2032	20	25	.0325391	.0333966
2032	25	30	.0325391	.0363404
2032	30	35	.0325391	.0494393
2032	35	40	.0325391	.0256934
2032	40	45	.0325391	.0403748
2032	45	50	.0325391	.0290463
2032	50	55	.0325391	.0537156
2032	55	60	.0325391	.0497253
2032	60	65	.0325391	.0729363
2032	65	70	.0325391	.0478094
2032	70	75	.0325391	.0765926
2032	75	80	.0325391	.0857942
2032	80	85	.0325391	.1487516
2032	85	90	.0325391	.2181576
2032	90	95	.0325391	.3502582
2032	95	200	.0325391	.4869203
2033	0	.083333	.0322529	.2164517
2033	.0833333	1	.0322529	.0404729
2033	1	5	.0322529	.0286638
2033	5	10	.0322529	.0154953
2033	10	15	.0322529	.0284549
2033	15	20	.0322529	.014359
2033	20	25	.0322529	.0327452
2033	25	30	.0322529	.0311273
2033	30	35	.0322529	.0553259
2033	35	40	.0322529	.0230354
2033	40	45	.0322529	.0443719
2033	45	50	.0322529	.0226212
2033	50	55	.0322529	.0585775
2033	55	60	.0322529	.0394386
2033	60	65	.0322529	.0845788
2033	65	70	.0322529	.0390362
2033	70	75	.0322529	.0903582
2033	75	80	.0322529	.0672526
2033	80	85	.0322529	.1738728
2033	85	90	.0322529	.1734816
2033	90	95	.0322529	.4226127
2033	95	200	.0322529	.381534
2034	0	.083333	.0319667	.2109262
2034	.0833333	1	.0319667	.0398935
2034	1	5	.0319667	.028358
2034	5	10	.0319667	.0152237
2034	10	15	.0319667	.0289842
2034	15	20	.0319667	.0138448
2034	20	25	.0319667	.0325051
2034	25	30	.0319667	.026022
2034	30	35	.0319667	.0596443
2034	35	40	.0319667	.0216241
2034	40	45	.0319667	.0478035
2034	45	50	.0319667	.0173856
2034	50	55	.0319667	.0621654
2034	55	60	.0319667	.0309104
2034	60	65	.0319667	.0929631
2034	65	70	.0319667	.0331882
2034	70	75	.0319667	.1014526
2034	75	80	.0319667	.0527399
2034	80	85	.0319667	.1935094
2034	85	90	.0319667	.1390318
2034	90	95	.0319667	.4770388
2034	95	200	.0319667	.3153153
2035	0	.083333	.0316805	.205405
2035	.0833333	1	.0316805	.0393146
2035	1	5	.0316805	.0280524
2035	5	10	.0316805	.0147188
2035	10	15	.0316805	.0296381
2035	15	20	.0316805	.0133334
2035	20	25	.0316805	.0324177
2035	25	30	.0316805	.0218926
2035	30	35	.0316805	.0612981
2035	35	40	.0316805	.022339
2035	40	45	.0316805	.0496897
2035	45	50	.0316805	.0145758
2035	50	55	.0316805	.0629465
2035	55	60	.0316805	.0261693
2035	60	65	.0316805	.0957361
2035	65	70	.0316805	.0327385
2035	70	75	.0316805	.1066842
2035	75	80	.0316805	.0465064
2035	80	85	.0316805	.2010893
2035	85	90	.0316805	.1238096
2035	90	95	.0316805	.4947678
2035	95	200	.0316805	.2948851
2036	0	.083333	.0313529	.2011586
2036	.0833333	1	.0313529	.0387678
2036	1	5	.0313529	.0277278
2036	5	10	.0313529	.0139991
2036	10	15	.0313529	.0303893
2036	15	20	.0313529	.0128213
2036	20	25	.0313529	.0324512
2036	25	30	.0313529	.0188859
2036	30	35	.0313529	.0600736
2036	35	40	.0313529	.0254984
2036	40	45	.0313529	.0495895
2036	45	50	.0313529	.0145929
2036	50	55	.0313529	.06048
2036	55	60	.0313529	.0257785
2036	60	65	.0313529	.0922975
2036	65	70	.0313529	.038465
2036	70	75	.0313529	.1049407
2036	75	80	.0313529	.0497587
2036	80	85	.0313529	.1947835
2036	85	90	.0313529	.1299572
2036	90	95	.0313529	.4709955
2036	95	200	.0313529	.3183846
2037	0	.083333	.0310253	.1969146
2037	.0833333	1	.0310253	.0382214
2037	1	5	.0310253	.0274032
2037	5	10	.0310253	.0130806
2037	10	15	.0310253	.0312116
2037	15	20	.0310253	.0122857
2037	20	25	.0310253	.0326942
2037	25	30	.0310253	.0166626
2037	30	35	.0310253	.0567485
2037	35	40	.0310253	.0302747
2037	40	45	.0310253	.0481319
2037	45	50	.0310253	.016666
2037	50	55	.0310253	.0558029
2037	55	60	.0310253	.0284255
2037	60	65	.0310253	.0845029
2037	65	70	.0310253	.0483231
2037	70	75	.0310253	.0983499
2037	75	80	.0310253	.059712
2037	80	85	.0310253	.1788967
2037	85	90	.0310253	.1510828
2037	90	95	.0310253	.4198854
2037	95	200	.0310253	.3766498
2038	0	.083333	.0306977	.1926731
2038	.0833333	1	.0306977	.0376744
2038	1	5	.0306977	.027079
2038	5	10	.0306977	.0120155
2038	10	15	.0306977	.0320065
2038	15	20	.0306977	.0117717
2038	20	25	.0306977	.0330786
2038	25	30	.0306977	.0150471
2038	30	35	.0306977	.0523451
2038	35	40	.0306977	.0351975
2038	40	45	.0306977	.0465055
2038	45	50	.0306977	.0196008
2038	50	55	.0306977	.050473
2038	55	60	.0306977	.0321468
2038	60	65	.0306977	.0751917
2038	65	70	.0306977	.058885
2038	70	75	.0306977	.0905082
2038	75	80	.0306977	.0720631
2038	80	85	.0306977	.159907
2038	85	90	.0306977	.1775245
2038	90	95	.0306977	.3620185
2038	95	200	.0306977	.4522973
2039	0	.083333	.0303701	.1884339
2039	.0833333	1	.0303701	.0371288
2039	1	5	.0303701	.0267544
2039	5	10	.0303701	.0108704
2039	10	15	.0303701	.0326569
2039	15	20	.0303701	.0113389
2039	20	25	.0303701	.0335331
2039	25	30	.0303701	.0137591
2039	30	35	.0303701	.0481455
2039	35	40	.0303701	.0384673
2039	40	45	.0303701	.046217
2039	45	50	.0303701	.0218587
2039	50	55	.0303701	.046464
2039	55	60	.0303701	.0344527
2039	60	65	.0303701	.0678065
2039	65	70	.0303701	.0659898
2039	70	75	.0303701	.0858869
2039	75	80	.0303701	.0813295
2039	80	85	.0303701	.1457854
2039	85	90	.0303701	.1968913
2039	90	95	.0303701	.3198246
2039	95	200	.0303701	.5113537
2040	0	.083333	.0300425	.1841972
2040	.0833333	1	.0300425	.0365826
2040	1	5	.0300425	.0264303
2040	5	10	.0300425	.0096988
2040	10	15	.0300425	.033084
2040	15	20	.0300425	.011021
2040	20	25	.0300425	.0340031
2040	25	30	.0300425	.0126093
2040	30	35	.0300425	.0449593
2040	35	40	.0300425	.0390592
2040	40	45	.0300425	.0480707
2040	45	50	.0300425	.0225388
2040	50	55	.0300425	.0449371
2040	55	60	.0300425	.0338972
2040	60	65	.0300425	.0643097
2040	65	70	.0300425	.0673495
2040	70	75	.0300425	.0869282
2040	75	80	.0300425	.0843156
2040	80	85	.0300425	.141042
2040	85	90	.0300425	.2018329
2040	90	95	.0300425	.3044533
2040	95	200	.0300425	.5269722
2041	0	.083333	.0297054	.1810025
2041	.0833333	1	.0297054	.0360802
2041	1	5	.0297054	.0261062
2041	5	10	.0297054	.008501
2041	10	15	.0297054	.0332881
2041	15	20	.0297054	.0108102
2041	20	25	.0297054	.0344642
2041	25	30	.0297054	.0115878
2041	30	35	.0297054	.0429135
2041	35	40	.0297054	.0367896
2041	40	45	.0297054	.0523583
2041	45	50	.0297054	.0212271
2041	50	55	.0297054	.0462647
2041	55	60	.0297054	.030073
2041	60	65	.0297054	.0652373
2041	65	70	.0297054	.0624026
2041	70	75	.0297054	.0943952
2041	75	80	.0297054	.079916
2041	80	85	.0297054	.1469231
2041	85	90	.0297054	.1904282
2041	90	95	.0297054	.3182529
2041	95	200	.0297054	.4923975
2042	0	.083333	.0293683	.1778091
2042	.0833333	1	.0293683	.0355778
2042	1	5	.0293683	.0257822
2042	5	10	.0293683	.0072924
2042	10	15	.0293683	.0332882
2042	15	20	.0293683	.0106774
2042	20	25	.0293683	.0348965
2042	25	30	.0293683	.0107794
2042	30	35	.0293683	.041668
2042	35	40	.0293683	.032438
2042	40	45	.0293683	.0582456
2042	45	50	.0293683	.0185605
2042	50	55	.0293683	.0496653
2042	55	60	.0293683	.0240261
2042	60	65	.0293683	.0692505
2042	65	70	.0293683	.0530502
2042	70	75	.0293683	.1061449
2042	75	80	.0293683	.0704332
2042	80	85	.0293683	.1602562
2042	85	90	.0293683	.1679573
2042	90	95	.0293683	.3523173
2042	95	200	.0293683	.4293441
2043	0	.083333	.0290312	.174617
2043	.0833333	1	.0290312	.0350757
2043	1	5	.0290312	.0254582
2043	5	10	.0290312	.006144
2043	10	15	.0290312	.033067
2043	15	20	.0290312	.0105974
2043	20	25	.0290312	.0352687
2043	25	30	.0290312	.0101951
2043	30	35	.0290312	.0409589
2043	35	40	.0290312	.0271084
2043	40	45	.0290312	.0641533
2043	45	50	.0290312	.0158502
2043	50	55	.0290312	.0538162
2043	55	60	.0290312	.0174452
2043	60	65	.0290312	.0742207
2043	65	70	.0290312	.0423229
2043	70	75	.0290312	.1184251
2043	75	80	.0290312	.0599294
2043	80	85	.0290312	.1759338
2043	85	90	.0290312	.14247
2043	90	95	.0290312	.3929282
2043	95	200	.0290312	.365696
2044	0	.083333	.0286941	.1714262
2044	.0833333	1	.0286941	.0345736
2044	1	5	.0286941	.0251342
2044	5	10	.0286941	.00514
2044	10	15	.0286941	.032609
2044	15	20	.0286941	.0105395
2044	20	25	.0286941	.0355502
2044	25	30	.0286941	.0098574
2044	30	35	.0286941	.0404005
2044	35	40	.0286941	.0221736
2044	40	45	.0286941	.0681574
2044	45	50	.0286941	.0147447
2044	50	55	.0286941	.0570283
2044	55	60	.0286941	.0124532
2044	60	65	.0286941	.0774656
2044	65	70	.0286941	.0338747
2044	70	75	.0286941	.1266957
2044	75	80	.0286941	.0533981
2044	80	85	.0286941	.1874905
2044	85	90	.0286941	.1236175
2044	90	95	.0286941	.4222952
2044	95	200	.0286941	.3239268
2045	0	.083333	.028357	.1682367
2045	.0833333	1	.028357	.0340715
2045	1	5	.028357	.0248102
2045	5	10	.028357	.0043321
2045	10	15	.028357	.0319189
2045	15	20	.028357	.0104762
2045	20	25	.028357	.035721
2045	25	30	.028357	.0097677
2045	30	35	.028357	.0397395
2045	35	40	.028357	.0184919
2045	40	45	.028357	.0691683
2045	45	50	.028357	.0161259
2045	50	55	.028357	.0583141
2045	55	60	.028357	.0102932
2045	60	65	.028357	.0774349
2045	65	70	.028357	.029773
2045	70	75	.028357	.1284733
2045	75	80	.028357	.0535467
2045	80	85	.028357	.1911719
2045	85	90	.028357	.1167159
2045	90	95	.028357	.4297301
2045	95	200	.028357	.3105129
2046	0	.083333	.0280347	.1654165
2046	.0833333	1	.0280347	.0335914
2046	1	5	.0280347	.0244872
2046	5	10	.0280347	.0037513
2046	10	15	.0280347	.0309687
2046	15	20	.0280347	.0104371
2046	20	25	.0280347	.0357425
2046	25	30	.0280347	.0099341
2046	30	35	.0280347	.0389323
2046	35	40	.0280347	.016217
2046	40	45	.0280347	.0669747
2046	45	50	.0280347	.0203168
2046	50	55	.0280347	.0572164
2046	55	60	.0280347	.0113814
2046	60	65	.0280347	.0736735
2046	65	70	.0280347	.0305964
2046	70	75	.0280347	.1231415
2046	75	80	.0280347	.0612102
2046	80	85	.0280347	.185688
2046	85	90	.0280347	.1232138
2046	90	95	.0280347	.4125413
2046	95	200	.0280347	.3253639
2047	0	.083333	.0277124	.1625973
2047	.0833333	1	.0277124	.0331115
2047	1	5	.0277124	.0241641
2047	5	10	.0277124	.0033715
2047	10	15	.0277124	.0297994
2047	15	20	.0277124	.010414
2047	20	25	.0277124	.0356135
2047	25	30	.0277124	.0103091
2047	30	35	.0277124	.0380951
2047	35	40	.0277124	.0149766
2047	40	45	.0277124	.0624121
2047	45	50	.0277124	.0264264
2047	50	55	.0277124	.0544229
2047	55	60	.0277124	.0148842
2047	60	65	.0277124	.067304
2047	65	70	.0277124	.0349166
2047	70	75	.0277124	.1127911
2047	75	80	.0277124	.0739925
2047	80	85	.0277124	.1737941
2047	85	90	.0277124	.139206
2047	90	95	.0277124	.3788537
2047	95	200	.0277124	.3614303
2048	0	.083333	.0273901	.159779
2048	.0833333	1	.0273901	.0326312
2048	1	5	.0273901	.0238411
2048	5	10	.0273901	.0031102
2048	10	15	.0273901	.0285693
2048	15	20	.0273901	.0102975
2048	20	25	.0273901	.0354024
2048	25	30	.0273901	.0107666
2048	30	35	.0273901	.0373399
2048	35	40	.0273901	.014406
2048	40	45	.0273901	.0567252
2048	45	50	.0273901	.0327339
2048	50	55	.0273901	.0513888
2048	55	60	.0273901	.0193261
2048	60	65	.0273901	.0602072
2048	65	70	.0273901	.0403936
2048	70	75	.0273901	.100814
2048	75	80	.0273901	.0876545
2048	80	85	.0273901	.1604166
2048	85	90	.0273901	.1582521
2048	90	95	.0273901	.3410214
2048	95	200	.0273901	.406621
2049	0	.083333	.0270678	.1569618
2049	.0833333	1	.0270678	.0321514
2049	1	5	.0270678	.0235182
2049	5	10	.0270678	.0028547
2049	10	15	.0270678	.0274805
2049	15	20	.0270678	.0099484
2049	20	25	.0270678	.0352051
2049	25	30	.0270678	.0111473
2049	30	35	.0270678	.0368255
2049	35	40	.0270678	.0139868
2049	40	45	.0270678	.0514585
2049	45	50	.0270678	.0371419
2049	50	55	.0270678	.0499451
2049	55	60	.0270678	.0228244
2049	60	65	.0270678	.0547421
2049	65	70	.0270678	.0440884
2049	70	75	.0270678	.0912717
2049	75	80	.0270678	.0970875
2049	80	85	.0270678	.1515493
2049	85	90	.0270678	.1722623
2049	90	95	.0270678	.3130915
2049	95	200	.0270678	.4412792
2050	0	.083333	.0267455	.1541454
2050	.0833333	1	.0267455	.0316714
2050	1	5	.0267455	.0231952
2050	5	10	.0267455	.0025311
2050	10	15	.0267455	.0266618
2050	15	20	.0267455	.0092911
2050	20	25	.0267455	.035076
2050	25	30	.0267455	.0113477
2050	30	35	.0267455	.0366415
2050	35	40	.0267455	.0133806
2050	40	45	.0267455	.0475754
2050	45	50	.0267455	.0384522
2050	50	55	.0267455	.0510885
2050	55	60	.0267455	.0242714
2050	60	65	.0267455	.0522941
2050	65	70	.0267455	.0442972
2050	70	75	.0267455	.0864546
2050	75	80	.0267455	.0994912
2050	80	85	.0267455	.1504202
2050	85	90	.0267455	.1765875
2050	90	95	.0267455	.3023516
2050	95	200	.0267455	.4513847
2051	0	.083333	.0264506	.1515667
2051	.0833333	1	.0264506	.0312159
2051	1	5	.0264506	.022887
2051	5	10	.0264506	.0020912
2051	10	15	.0264506	.0261962
2051	15	20	.0264506	.008244
2051	20	25	.0264506	.0351004
2051	25	30	.0264506	.0112719
2051	30	35	.0264506	.0368553
2051	35	40	.0264506	.0124831
2051	40	45	.0264506	.045291
2051	45	50	.0264506	.0363905
2051	50	55	.0264506	.0552185
2051	55	60	.0264506	.023131
2051	60	65	.0264506	.0533612
2051	65	70	.0264506	.0404765
2051	70	75	.0264506	.0870416
2051	75	80	.0264506	.0941238
2051	80	85	.0264506	.1580811
2051	85	90	.0264506	.1695734
2051	90	95	.0264506	.3107712
2051	95	200	.0264506	.4329472
2052	0	.083333	.0261557	.1489887
2052	.0833333	1	.0261557	.0307604
2052	1	5	.0261557	.0225789
2052	5	10	.0261557	.001585
2052	10	15	.0261557	.0260035
2052	15	20	.0261557	.006904
2052	20	25	.0261557	.0352124
2052	25	30	.0261557	.0109781
2052	30	35	.0261557	.0373558
2052	35	40	.0261557	.011475
2052	40	45	.0261557	.0441541
2052	45	50	.0261557	.0318701
2052	50	55	.0261557	.0613564
2052	55	60	.0261557	.0201891
2052	60	65	.0261557	.0569939
2052	65	70	.0261557	.0338759
2052	70	75	.0261557	.0914149
2052	75	80	.0261557	.0833442
2052	80	85	.0261557	.1716623
2052	85	90	.0261557	.1547946
2052	90	95	.0261557	.332522
2052	95	200	.0261557	.3971222
2053	0	.083333	.0258608	.1464115
2053	.0833333	1	.0258608	.0303049
2053	1	5	.0258608	.0222708
2053	5	10	.0258608	.0010847
2053	10	15	.0258608	.025925
2053	15	20	.0258608	.0055074
2053	20	25	.0258608	.0352231
2053	25	30	.0258608	.0106174
2053	30	35	.0258608	.0379294
2053	35	40	.0258608	.0105597
2053	40	45	.0258608	.0436963
2053	45	50	.0258608	.0262262
2053	50	55	.0258608	.0676611
2053	55	60	.0258608	.0170381
2053	60	65	.0258608	.0615609
2053	65	70	.0258608	.0265472
2053	70	75	.0258608	.0969795
2053	75	80	.0258608	.0708919
2053	80	85	.0258608	.1861924
2053	85	90	.0258608	.1384638
2053	90	95	.0258608	.3581868
2053	95	200	.0258608	.3593264
2054	0	.083333	.0255659	.1438352
2054	.0833333	1	.0255659	.0298494
2054	1	5	.0255659	.0219627
2054	5	10	.0255659	.0006912
2054	10	15	.0255659	.0257412
2054	15	20	.0255659	.0043641
2054	20	25	.0255659	.0348833
2054	25	30	.0255659	.0103991
2054	30	35	.0255659	.0382972
2054	35	40	.0255659	.010021
2054	40	45	.0255659	.043258
2054	45	50	.0255659	.021128
2054	50	55	.0255659	.0718737
2054	55	60	.0255659	.0156916
2054	60	65	.0255659	.0649714
2054	65	70	.0255659	.021073
2054	70	75	.0255659	.1004707
2054	75	80	.0255659	.0612515
2054	80	85	.0255659	.1956602
2054	85	90	.0255659	.1280575
2054	90	95	.0255659	.3758585
2054	95	200	.0255659	.3342054
2055	0	.083333	.025271	.1412596
2055	.0833333	1	.025271	.029394
2055	1	5	.025271	.0216546
2055	5	10	.025271	.0004674
2055	10	15	.025271	.0253115
2055	15	20	.025271	.0036705
2055	20	25	.025271	.0340494
2055	25	30	.025271	.0104476
2055	30	35	.025271	.0382814
2055	35	40	.025271	.010026
2055	40	45	.025271	.0424137
2055	45	50	.025271	.0176119
2055	50	55	.025271	.0727057
2055	55	60	.025271	.0172515
2055	60	65	.025271	.0659922
2055	65	70	.025271	.018971
2055	70	75	.025271	.0999988
2055	75	80	.025271	.05694
2055	80	85	.025271	.1967834
2055	85	90	.025271	.127558
2055	90	95	.025271	.3787002
2055	95	200	.025271	.3273736
2056	0	.083333	.0250038	.1388964
2056	.0833333	1	.0250038	.0289676
2056	1	5	.0250038	.0213673
2056	5	10	.0250038	.000412
2056	10	15	.0250038	.0246042
2056	15	20	.0250038	.0034913
2056	20	25	.0250038	.0326592
2056	25	30	.0250038	.0108271
2056	30	35	.0250038	.0378076
2056	35	40	.0250038	.0106204
2056	40	45	.0250038	.0410811
2056	45	50	.0250038	.015865
2056	50	55	.0250038	.0699164
2056	55	60	.0250038	.0220801
2056	60	65	.0250038	.0641158
2056	65	70	.0250038	.0207101
2056	70	75	.0250038	.0950474
2056	75	80	.0250038	.0586043
2056	80	85	.0250038	.1888477
2056	85	90	.0250038	.1380348
2056	90	95	.0250038	.3646696
2056	95	200	.0250038	.3399443
2057	0	.083333	.0247366	.1365339
2057	.0833333	1	.0247366	.0285412
2057	1	5	.0247366	.0210799
2057	5	10	.0247366	.0005023
2057	10	15	.0247366	.0236786
2057	15	20	.0247366	.0037374
2057	20	25	.0247366	.0308198
2057	25	30	.0247366	.0114605
2057	30	35	.0247366	.0369454
2057	35	40	.0247366	.011682
2057	40	45	.0247366	.0394542
2057	45	50	.0247366	.0154276
2057	50	55	.0247366	.0644535
2057	55	60	.0247366	.0291643
2057	60	65	.0247366	.0601608
2057	65	70	.0247366	.0253052
2057	70	75	.0247366	.0869491
2057	75	80	.0247366	.0645064
2057	80	85	.0247366	.1746052
2057	85	90	.0247366	.1560007
2057	90	95	.0247366	.3391676
2057	95	200	.0247366	.3669678
2058	0	.083333	.0244694	.1341721
2058	.0833333	1	.0244694	.0281144
2058	1	5	.0244694	.0207927
2058	5	10	.0244694	.0006586
2058	10	15	.0244694	.0226907
2058	15	20	.0244694	.0041652
2058	20	25	.0244694	.0288572
2058	25	30	.0244694	.0120639
2058	30	35	.0244694	.0359419
2058	35	40	.0244694	.0128975
2058	40	45	.0244694	.0378404
2058	45	50	.0244694	.0157296
2058	50	55	.0244694	.0577976
2058	55	60	.0244694	.0365173
2058	60	65	.0244694	.0558787
2058	65	70	.0244694	.0309473
2058	70	75	.0244694	.07801
2058	75	80	.0244694	.0717303
2058	80	85	.0244694	.1585078
2058	85	90	.0244694	.1753298
2058	90	95	.0244694	.3114671
2058	95	200	.0244694	.399373
2059	0	.083333	.0242022	.1318109
2059	.0833333	1	.0242022	.0276883
2059	1	5	.0242022	.0205052
2059	5	10	.0242022	.0007738
2059	10	15	.0242022	.0218535
2059	15	20	.0242022	.0044422
2059	20	25	.0242022	.0271997
2059	25	30	.0242022	.0122639
2059	30	35	.0242022	.0351326
2059	35	40	.0242022	.0138562
2059	40	45	.0242022	.0366609
2059	45	50	.0242022	.0159784
2059	50	55	.0242022	.0517947
2059	55	60	.0242022	.041699
2059	60	65	.0242022	.0534872
2059	65	70	.0242022	.0353179
2059	70	75	.0242022	.0711228
2059	75	80	.0242022	.0766164
2059	80	85	.0242022	.1458254
2059	85	90	.0242022	.1886246
2059	90	95	.0242022	.2924039
2059	95	200	.0242022	.4234967
2060	0	.083333	.023935	.1294503
2060	.0833333	1	.023935	.0272619
2060	1	5	.023935	.020218
2060	5	10	.023935	.0007724
2060	10	15	.023935	.0213087
2060	15	20	.023935	.0043484
2060	20	25	.023935	.0261254
2060	25	30	.023935	.0118312
2060	30	35	.023935	.0347291
2060	35	40	.023935	.0142894
2060	40	45	.023935	.0361775
2060	45	50	.023935	.0156574
2060	50	55	.023935	.0475933
2060	55	60	.023935	.043303
2060	60	65	.023935	.05422
2060	65	70	.023935	.0370396
2060	70	75	.023935	.0679906
2060	75	80	.023935	.0770386
2060	80	85	.023935	.1394795
2060	85	90	.023935	.1918324
2060	90	95	.023935	.2875607
2060	95	200	.023935	.4303145
2061	0	.083333	.0236785	.1274698
2061	.0833333	1	.0236785	.0268652
2061	1	5	.0236785	.0199339
2061	5	10	.0236785	.0006316
2061	10	15	.0236785	.0210998
2061	15	20	.0236785	.0038072
2061	20	25	.0236785	.0257457
2061	25	30	.0236785	.010656
2061	30	35	.0236785	.0348446
2061	35	40	.0236785	.0140718
2061	40	45	.0236785	.0364877
2061	45	50	.0236785	.0146313
2061	50	55	.0236785	.0454336
2061	55	60	.0236785	.0410314
2061	60	65	.0236785	.0585115
2061	65	70	.0236785	.0355266
2061	70	75	.0236785	.0691647
2061	75	80	.0236785	.0723835
2061	80	85	.0236785	.1402286
2061	85	90	.0236785	.1840489
2061	90	95	.0236785	.298384
2061	95	200	.0236785	.4170133
2062	0	.083333	.023422	.1254897
2062	.0833333	1	.023422	.0264692
2062	1	5	.023422	.0196495
2062	5	10	.023422	.0003812
2062	10	15	.023422	.021151
2062	15	20	.023422	.0029316
2062	20	25	.023422	.0259146
2062	25	30	.023422	.0089044
2062	30	35	.023422	.0353415
2062	35	40	.023422	.0133357
2062	40	45	.023422	.0374027
2062	45	50	.023422	.0131626
2062	50	55	.023422	.0447708
2062	55	60	.023422	.0359148
2062	60	65	.023422	.0652515
2062	65	70	.023422	.0317116
2062	70	75	.023422	.0735094
2062	75	80	.023422	.0641786
2062	80	85	.023422	.1459693
2062	85	90	.023422	.1686982
2062	90	95	.023422	.3198628
2062	95	200	.023422	.3908891
2063	0	.083333	.0231655	.1235101
2063	.0833333	1	.0231655	.0260726
2063	1	5	.0231655	.0193655
2063	5	10	.0231655	.0000455
2063	10	15	.0231655	.0213565
2063	15	20	.0231655	.0019033
2063	20	25	.0231655	.0263603
2063	25	30	.0231655	.0069304
2063	30	35	.0231655	.0359073
2063	35	40	.0231655	.0123588
2063	40	45	.0231655	.0385764
2063	45	50	.0231655	.0115937
2063	50	55	.0231655	.0449869
2063	55	60	.0231655	.0294673
2063	60	65	.0231655	.0723878
2063	65	70	.0231655	.0274344
2063	70	75	.0231655	.0790874
2063	75	80	.0231655	.054915
2063	80	85	.0231655	.1533751
2063	85	90	.0231655	.1510288
2063	90	95	.0231655	.3436778
2063	95	200	.0231655	.3631393
2064	0	.083333	.022909	.1215309
2064	.0833333	1	.022909	.0256763
2064	1	5	.022909	.0190813
2064	5	10	.022909	1.00e-06
2064	10	15	.022909	.0212234
2064	15	20	.022909	.001327
2064	20	25	.022909	.026347
2064	25	30	.022909	.0055762
2064	30	35	.022909	.0357411
2064	35	40	.022909	.0119217
2064	40	45	.022909	.0391315
2064	45	50	.022909	.0108324
2064	50	55	.022909	.0447659
2064	55	60	.022909	.0240683
2064	60	65	.022909	.0768647
2064	65	70	.022909	.0256006
2064	70	75	.022909	.0827861
2064	75	80	.022909	.0484144
2064	80	85	.022909	.157449
2064	85	90	.022909	.1382698
2064	90	95	.022909	.3580602
2064	95	200	.022909	.3468437
2065	0	.083333	.0226525	.1195522
2065	.0833333	1	.0226525	.02528
2065	1	5	.0226525	.0187972
2065	5	10	.0226525	1.00e-06
2065	10	15	.0226525	.0209264
2065	15	20	.0226525	.0010879
2065	20	25	.0226525	.0259159
2065	25	30	.0226525	.0048501
2065	30	35	.0226525	.0348952
2065	35	40	.0226525	.0119428
2065	40	45	.0226525	.0391048
2065	45	50	.0226525	.0108222
2065	50	55	.0226525	.0439167
2065	55	60	.0226525	.0205039
2065	60	65	.0226525	.077657
2065	65	70	.0226525	.0270433
2065	70	75	.0226525	.0836382
2065	75	80	.0226525	.0459394
2065	80	85	.0226525	.1564732
2065	85	90	.0226525	.1329055
2065	90	95	.0226525	.3588671
2065	95	200	.0226525	.3451956
2066	0	.083333	.0224072	.1180252
2066	.0833333	1	.0224072	.0249184
2066	1	5	.0224072	.0185162
2066	5	10	.0224072	1.00e-06
2066	10	15	.0224072	.0204922
2066	15	20	.0224072	.001179
2066	20	25	.0224072	.0250416
2066	25	30	.0224072	.0048104
2066	30	35	.0224072	.0333144
2066	35	40	.0224072	.0124785
2066	40	45	.0224072	.0384301
2066	45	50	.0224072	.0116002
2066	50	55	.0224072	.0423663
2066	55	60	.0224072	.0189469
2066	60	65	.0224072	.0745425
2066	65	70	.0224072	.0321146
2066	70	75	.0224072	.0811315
2066	75	80	.0224072	.0479671
2066	80	85	.0224072	.1499035
2066	85	90	.0224072	.1356206
2066	90	95	.0224072	.3452671
2066	95	200	.0224072	.3591133
2067	0	.083333	.0221619	.1164984
2067	.0833333	1	.0221619	.0245566
2067	1	5	.0221619	.0182354
2067	5	10	.0221619	1.00e-06
2067	10	15	.0221619	.0199466
2067	15	20	.0221619	.0015294
2067	20	25	.0221619	.0238329
2067	25	30	.0221619	.0053162
2067	30	35	.0221619	.0311602
2067	35	40	.0221619	.0133951
2067	40	45	.0221619	.0372358
2067	45	50	.0221619	.0129827
2067	50	55	.0221619	.0403743
2067	55	60	.0221619	.018862
2067	60	65	.0221619	.0685685
2067	65	70	.0221619	.039682
2067	70	75	.0221619	.0762325
2067	75	80	.0221619	.0533062
2067	80	85	.0221619	.139447
2067	85	90	.0221619	.1439839
2067	90	95	.0221619	.3220155
2067	95	200	.0221619	.3843202
2068	0	.083333	.0219166	.1149719
2068	.0833333	1	.0219166	.0241948
2068	1	5	.0219166	.0179546
2068	5	10	.0219166	1.00e-06
2068	10	15	.0219166	.0193148
2068	15	20	.0219166	.002034
2068	20	25	.0219166	.0224726
2068	25	30	.0219166	.0060958
2068	30	35	.0219166	.0287888
2068	35	40	.0219166	.0143769
2068	40	45	.0219166	.0358019
2068	45	50	.0219166	.0146232
2068	50	55	.0219166	.0382857
2068	55	60	.0219166	.0196341
2068	60	65	.0219166	.0612824
2068	65	70	.0219166	.0476562
2068	70	75	.0219166	.0708505
2068	75	80	.0219166	.0599085
2068	80	85	.0219166	.1278882
2068	85	90	.0219166	.154138
2068	90	95	.0219166	.2961978
2068	95	200	.0219166	.4130246
2069	0	.083333	.0216713	.1134456
2069	.0833333	1	.0216713	.0238332
2069	1	5	.0216713	.0176736
2069	5	10	.0216713	1.00e-06
2069	10	15	.0216713	.018637
2069	15	20	.0216713	.0025439
2069	20	25	.0216713	.0212166
2069	25	30	.0216713	.0067723
2069	30	35	.0216713	.0266759
2069	35	40	.0216713	.0150013
2069	40	45	.0216713	.0345152
2069	45	50	.0216713	.0160582
2069	50	55	.0216713	.0365791
2069	55	60	.0216713	.0204045
2069	60	65	.0216713	.0546158
2069	65	70	.0216713	.053467
2069	70	75	.0216713	.0673997
2069	75	80	.0216713	.0651549
2069	80	85	.0216713	.1186786
2069	85	90	.0216713	.1612898
2069	90	95	.0216713	.2758416
2069	95	200	.0216713	.4343575
2070	0	.083333	.021426	.1119196
2070	.0833333	1	.021426	.0234715
2070	1	5	.021426	.0173928
2070	5	10	.021426	1.00e-06
2070	10	15	.021426	.0179442
2070	15	20	.021426	.0029527
2070	20	25	.021426	.0202382
2070	25	30	.021426	.0070928
2070	30	35	.021426	.0251344
2070	35	40	.021426	.0150031
2070	40	45	.021426	.0336246
2070	45	50	.021426	.0169802
2070	50	55	.021426	.0355582
2070	55	60	.021426	.0206095
2070	60	65	.021426	.0497707
2070	65	70	.021426	.0556279
2070	70	75	.021426	.0672326
2070	75	80	.021426	.0674859
2070	80	85	.021426	.1138284
2070	85	90	.021426	.1626795
2070	90	95	.021426	.2651768
2070	95	200	.021426	.4415133
2071	0	.083333	.0211971	.1106021
2071	.0833333	1	.0211971	.023133
2071	1	5	.0211971	.0171214
2071	5	10	.0211971	1.00e-06
2071	10	15	.0211971	.0172388
2071	15	20	.0211971	.0032393
2071	20	25	.0211971	.0195791
2071	25	30	.0211971	.0069823
2071	30	35	.0211971	.0242734
2071	35	40	.0211971	.014274
2071	40	45	.0211971	.0332424
2071	45	50	.0211971	.0172653
2071	50	55	.0211971	.0353198
2071	55	60	.0211971	.0201137
2071	60	65	.0211971	.0469821
2071	65	70	.0211971	.0538443
2071	70	75	.0211971	.0707931
2071	75	80	.0211971	.0662806
2071	80	85	.0211971	.1139374
2071	85	90	.0211971	.1575717
2071	90	95	.0211971	.2650987
2071	95	200	.0211971	.4329897
2072	0	.083333	.0209682	.1092848
2072	.0833333	1	.0209682	.0227944
2072	1	5	.0209682	.0168502
2072	5	10	.0209682	1.00e-06
2072	10	15	.0209682	.016517
2072	15	20	.0209682	.0034326
2072	20	25	.0209682	.019164
2072	25	30	.0209682	.0065535
2072	30	35	.0209682	.0239467
2072	35	40	.0209682	.0129807
2072	40	45	.0209682	.0332305
2072	45	50	.0209682	.0170455
2072	50	55	.0209682	.0356743
2072	55	60	.0209682	.0191823
2072	60	65	.0209682	.0456945
2072	65	70	.0209682	.0491768
2072	70	75	.0209682	.0769131
2072	75	80	.0209682	.0625698
2072	80	85	.0209682	.1176637
2072	85	90	.0209682	.1479668
2072	90	95	.0209682	.2723436
2072	95	200	.0209682	.4142976
2073	0	.083333	.0207393	.1079677
2073	.0833333	1	.0207393	.0224563
2073	1	5	.0207393	.0165787
2073	5	10	.0207393	1.00e-06
2073	10	15	.0207393	.015795
2073	15	20	.0207393	.0035406
2073	20	25	.0207393	.0189037
2073	25	30	.0207393	.0059715
2073	30	35	.0207393	.0238987
2073	35	40	.0207393	.011462
2073	40	45	.0207393	.033292
2073	45	50	.0207393	.016581
2073	50	55	.0207393	.0362933
2073	55	60	.0207393	.0181422
2073	60	65	.0207393	.0452985
2073	65	70	.0207393	.0431542
2073	70	75	.0207393	.0834768
2073	75	80	.0207393	.0583365
2073	80	85	.0207393	.122774
2073	85	90	.0207393	.137045
2073	90	95	.0207393	.2819457
2073	95	200	.0207393	.3933002
2074	0	.083333	.0205104	.1066508
2074	.0833333	1	.0205104	.0221177
2074	1	5	.0205104	.0163074
2074	5	10	.0205104	1.00e-06
2074	10	15	.0205104	.0150918
2074	15	20	.0205104	.0035832
2074	20	25	.0205104	.0186684
2074	25	30	.0205104	.0054719
2074	30	35	.0205104	.0237711
2074	35	40	.0205104	.010174
2074	40	45	.0205104	.0330247
2074	45	50	.0205104	.0162357
2074	50	55	.0205104	.0367353
2074	55	60	.0205104	.017451
2074	60	65	.0205104	.0449434
2074	65	70	.0205104	.0376892
2074	70	75	.0205104	.0878809
2074	75	80	.0205104	.0560856
2074	80	85	.0205104	.1264233
2074	85	90	.0205104	.1287266
2074	90	95	.0205104	.2877786
2074	95	200	.0205104	.3781341
2075	0	.083333	.0202815	.105334
2075	.0833333	1	.0202815	.0217794
2075	1	5	.0202815	.0160361
2075	5	10	.0202815	1.00e-06
2075	10	15	.0202815	.0144212
2075	15	20	.0202815	.0035768
2075	20	25	.0202815	.0183655
2075	25	30	.0202815	.0052128
2075	30	35	.0202815	.0233252
2075	35	40	.0202815	.0094149
2075	40	45	.0202815	.0321791
2075	45	50	.0202815	.0162417
2075	50	55	.0202815	.0367091
2075	55	60	.0202815	.0173968
2075	60	65	.0202815	.0440736
2075	65	70	.0202815	.0339715
2075	70	75	.0202815	.0886298
2075	75	80	.0202815	.057209
2075	80	85	.0202815	.1269326
2075	85	90	.0202815	.1252663
2075	90	95	.0202815	.2863711
2075	95	200	.0202815	.3725505
2076	0	.083333	.0200634	.1040683
2076	.0833333	1	.0200634	.0214476
2076	1	5	.0200634	.015769
2076	5	10	.0200634	1.00e-06
2076	10	15	.0200634	.0137849
2076	15	20	.0200634	.0035221
2076	20	25	.0200634	.0179757
2076	25	30	.0200634	.0052343
2076	30	35	.0200634	.0224872
2076	35	40	.0200634	.0092926
2076	40	45	.0200634	.0306482
2076	45	50	.0200634	.0167096
2076	50	55	.0200634	.0360923
2076	55	60	.0200634	.0180751
2076	60	65	.0200634	.0425535
2076	65	70	.0200634	.0322383
2076	70	75	.0200634	.0854315
2076	75	80	.0200634	.0621554
2076	80	85	.0200634	.1236433
2076	85	90	.0200634	.1273356
2076	90	95	.0200634	.2768353
2076	95	200	.0200634	.3772031
2077	0	.083333	.0198453	.1028027
2077	.0833333	1	.0198453	.0211162
2077	1	5	.0198453	.0155017
2077	5	10	.0198453	1.00e-06
2077	10	15	.0198453	.0131815
2077	15	20	.0198453	.0034165
2077	20	25	.0198453	.0175271
2077	25	30	.0198453	.0054629
2077	30	35	.0198453	.0213691
2077	35	40	.0198453	.0096626
2077	40	45	.0198453	.0285972
2077	45	50	.0198453	.0175026
2077	50	55	.0198453	.0350165
2077	55	60	.0198453	.0192981
2077	60	65	.0198453	.0406484
2077	65	70	.0198453	.0319372
2077	70	75	.0198453	.0793797
2077	75	80	.0198453	.0696981
2077	80	85	.0198453	.1177
2077	85	90	.0198453	.1333835
2077	90	95	.0198453	.2618062
2077	95	200	.0198453	.3889568
2078	0	.083333	.0196272	.1015373
2078	.0833333	1	.0196272	.0207847
2078	1	5	.0196272	.0152345
2078	5	10	.0196272	1.00e-06
2078	10	15	.0196272	.0126166
2078	15	20	.0196272	.0032709
2078	20	25	.0196272	.0170331
2078	25	30	.0196272	.0058049
2078	30	35	.0196272	.0201415
2078	35	40	.0196272	.0102648
2078	40	45	.0196272	.0263714
2078	45	50	.0196272	.0183161
2078	50	55	.0196272	.0337492
2078	55	60	.0196272	.0207311
2078	60	65	.0196272	.038694
2078	65	70	.0196272	.0324526
2078	70	75	.0196272	.0720512
2078	75	80	.0196272	.0776332
2078	80	85	.0196272	.1112761
2078	85	90	.0196272	.1408267
2078	90	95	.0196272	.245412
2078	95	200	.0196272	.4029582
2079	0	.083333	.0194091	.100272
2079	.0833333	1	.0194091	.0204529
2079	1	5	.0194091	.0149675
2079	5	10	.0194091	1.00e-06
2079	10	15	.0194091	.0120954
2079	15	20	.0194091	.0030991
2079	20	25	.0194091	.0165197
2079	25	30	.0194091	.0061257
2079	30	35	.0194091	.019046
2079	35	40	.0194091	.0107357
2079	40	45	.0194091	.0244338
2079	45	50	.0194091	.0187405
2079	50	55	.0194091	.0326623
2079	55	60	.0194091	.0219244
2079	60	65	.0194091	.0371585
2079	65	70	.0194091	.032925
2079	70	75	.0194091	.0654089
2079	75	80	.0194091	.0832543
2079	80	85	.0194091	.1071039
2079	85	90	.0194091	.1463827
2079	90	95	.0194091	.232642
2079	95	200	.0194091	.412813
2080	0	.083333	.019191	.0990069
2080	.0833333	1	.019191	.0201217
2080	1	5	.019191	.0147001
2080	5	10	.019191	1.00e-06
2080	10	15	.019191	.0116182
2080	15	20	.019191	.0029149
2080	20	25	.019191	.016003
2080	25	30	.019191	.0063337
2080	30	35	.019191	.0182405
2080	35	40	.019191	.0108379
2080	40	45	.019191	.0230818
2080	45	50	.019191	.0185266
2080	50	55	.019191	.0319876
2080	55	60	.019191	.0225879
2080	60	65	.019191	.0363303
2080	65	70	.019191	.0328005
2080	70	75	.019191	.0606572
2080	75	80	.019191	.0850188
2080	80	85	.019191	.1066874
2080	85	90	.019191	.1481381
2080	90	95	.019191	.2262694
2080	95	200	.019191	.4147117
2081	0	.083333	.0189853	.0978097
2081	.0833333	1	.0189853	.0197986
2081	1	5	.0189853	.0144377
2081	5	10	.0189853	1.00e-06
2081	10	15	.0189853	.0111979
2081	15	20	.0189853	.0027066
2081	20	25	.0189853	.0154972
2081	25	30	.0189853	.0063959
2081	30	35	.0189853	.0177787
2081	35	40	.0189853	.0104836
2081	40	45	.0189853	.0224378
2081	45	50	.0189853	.0175523
2081	50	55	.0189853	.0318518
2081	55	60	.0189853	.0225825
2081	60	65	.0189853	.0363223
2081	65	70	.0189853	.0319254
2081	70	75	.0189853	.0580475
2081	75	80	.0189853	.0826146
2081	80	85	.0189853	.1105219
2081	85	90	.0189853	.145339
2081	90	95	.0189853	.2271061
2081	95	200	.0189853	.4076691
2082	0	.083333	.0187796	.0966126
2082	.0833333	1	.0187796	.0194757
2082	1	5	.0187796	.0141751
2082	5	10	.0187796	1.00e-06
2082	10	15	.0187796	.0108258
2082	15	20	.0187796	.0024822
2082	20	25	.0187796	.0149905
2082	25	30	.0187796	.0063496
2082	30	35	.0187796	.0175769
2082	35	40	.0187796	.0097952
2082	40	45	.0187796	.0223453
2082	45	50	.0187796	.0159953
2082	50	55	.0187796	.0321055
2082	55	60	.0187796	.0220528
2082	60	65	.0187796	.0369307
2082	65	70	.0187796	.0305828
2082	70	75	.0187796	.0569909
2082	75	80	.0187796	.077193
2082	80	85	.0187796	.1172617
2082	85	90	.0187796	.1393492
2082	90	95	.0187796	.2330996
2082	95	200	.0187796	.3947202
2083	0	.083333	.0185739	.0954157
2083	.0833333	1	.0185739	.0191526
2083	1	5	.0185739	.0139126
2083	5	10	.0185739	1.00e-06
2083	10	15	.0185739	.0104551
2083	15	20	.0185739	.0022943
2083	20	25	.0185739	.0144461
2083	25	30	.0185739	.0062563
2083	30	35	.0185739	.0174914
2083	35	40	.0185739	.008994
2083	40	45	.0185739	.0224904
2083	45	50	.0185739	.014256
2083	50	55	.0185739	.0323871
2083	55	60	.0185739	.0213258
2083	60	65	.0185739	.0377564
2083	65	70	.0185739	.0291792
2083	70	75	.0185739	.0567811
2083	75	80	.0185739	.070449
2083	80	85	.0185739	.1244625
2083	85	90	.0185739	.1327811
2083	90	95	.0185739	.2407753
2083	95	200	.0185739	.3805659
2084	0	.083333	.0183682	.0942189
2084	.0833333	1	.0183682	.0188294
2084	1	5	.0183682	.0136502
2084	5	10	.0183682	1.00e-06
2084	10	15	.0183682	.0100234
2084	15	20	.0183682	.002211
2084	20	25	.0183682	.0138145
2084	25	30	.0183682	.0062054
2084	30	35	.0183682	.0173218
2084	35	40	.0183682	.0083882
2084	40	45	.0183682	.0224399
2084	45	50	.0183682	.0128685
2084	50	55	.0183682	.0322129
2084	55	60	.0183682	.0208509
2084	60	65	.0183682	.0382666
2084	65	70	.0183682	.0282748
2084	70	75	.0183682	.0564455
2084	75	80	.0183682	.0644879
2084	80	85	.0183682	.1291284
2084	85	90	.0183682	.1288925
2084	90	95	.0183682	.2457588
2084	95	200	.0183682	.3704528
2085	0	.083333	.0181625	.0930223
2085	.0833333	1	.0181625	.0185065
2085	1	5	.0181625	.0133877
2085	5	10	.0181625	1.00e-06
2085	10	15	.0181625	.0094912
2085	15	20	.0181625	.0022723
2085	20	25	.0181625	.0130695
2085	25	30	.0181625	.0062535
2085	30	35	.0181625	.0169346
2085	35	40	.0181625	.0081781
2085	40	45	.0181625	.0219117
2085	45	50	.0181625	.0121758
2085	50	55	.0181625	.031287
2085	55	60	.0181625	.0209078
2085	60	65	.0181625	.038119
2085	65	70	.0181625	.0282153
2085	70	75	.0181625	.0553605
2085	75	80	.0181625	.0605979
2085	80	85	.0181625	.1295586
2085	85	90	.0181625	.1294725
2085	90	95	.0181625	.245525
2085	95	200	.0181625	.3670392
2086	0	.083333	.0179754	.0919014
2086	.0833333	1	.0179754	.0181983
2086	1	5	.0179754	.0131359
2086	5	10	.0179754	1.00e-06
2086	10	15	.0179754	.0088352
2086	15	20	.0179754	.0025148
2086	20	25	.0179754	.0121762
2086	25	30	.0179754	.006438
2086	30	35	.0179754	.0162732
2086	35	40	.0179754	.0084411
2086	40	45	.0179754	.0207943
2086	45	50	.0179754	.0123247
2086	50	55	.0179754	.0294626
2086	55	60	.0179754	.021649
2086	60	65	.0179754	.0371477
2086	65	70	.0179754	.0291431
2086	70	75	.0179754	.0533387
2086	75	80	.0179754	.0590656
2086	80	85	.0179754	.1254054
2086	85	90	.0179754	.135094
2086	90	95	.0179754	.2391258
2086	95	200	.0179754	.3710719
2087	0	.083333	.0177883	.0907806
2087	.0833333	1	.0177883	.0178905
2087	1	5	.0177883	.012884
2087	5	10	.0177883	1.00e-06
2087	10	15	.0177883	.0080803
2087	15	20	.0177883	.0029045
2087	20	25	.0177883	.0111676
2087	25	30	.0177883	.0067213
2087	30	35	.0177883	.0154019
2087	35	40	.0177883	.0090667
2087	40	45	.0177883	.0192382
2087	45	50	.0177883	.0131297
2087	50	55	.0177883	.0269485
2087	55	60	.0177883	.0228917
2087	60	65	.0177883	.0355331
2087	65	70	.0177883	.0308166
2087	70	75	.0177883	.050708
2087	75	80	.0177883	.0592445
2087	80	85	.0177883	.1179618
2087	85	90	.0177883	.144168
2087	90	95	.0177883	.2284359
2087	95	200	.0177883	.3804884
2088	0	.083333	.0176012	.08966
2088	.0833333	1	.0176012	.0175828
2088	1	5	.0176012	.0126321
2088	5	10	.0176012	1.00e-06
2088	10	15	.0176012	.0072944
2088	15	20	.0176012	.0033263
2088	20	25	.0176012	.0101658
2088	25	30	.0176012	.0069962
2088	30	35	.0176012	.0144545
2088	35	40	.0176012	.0098379
2088	40	45	.0176012	.0175411
2088	45	50	.0176012	.0141993
2088	50	55	.0176012	.0242271
2088	55	60	.0176012	.0241874
2088	60	65	.0176012	.0336945
2088	65	70	.0176012	.0327377
2088	70	75	.0176012	.0479863
2088	75	80	.0176012	.0602987
2088	80	85	.0176012	.1091571
2088	85	90	.0176012	.1538274
2088	90	95	.0176012	.2169714
2088	95	200	.0176012	.3916616
2089	0	.083333	.0174141	.0885395
2089	.0833333	1	.0174141	.0172748
2089	1	5	.0174141	.0123803
2089	5	10	.0174141	1.00e-06
2089	10	15	.0174141	.0065716
2089	15	20	.0174141	.0036232
2089	20	25	.0174141	.0093346
2089	25	30	.0174141	.0071162
2089	30	35	.0174141	.0136195
2089	35	40	.0174141	.0104538
2089	40	45	.0174141	.0161146
2089	45	50	.0174141	.0149948
2089	50	55	.0174141	.0219429
2089	55	60	.0174141	.0249364
2089	60	65	.0174141	.032204
2089	65	70	.0174141	.0342415
2089	70	75	.0174141	.0458811
2089	75	80	.0174141	.0610852
2089	80	85	.0174141	.1013712
2089	85	90	.0174141	.1605584
2089	90	95	.0174141	.2090532
2089	95	200	.0174141	.3997921
2090	0	.083333	.017227	.087419
2090	.0833333	1	.017227	.0169669
2090	1	5	.017227	.0121284
2090	5	10	.017227	1.00e-06
2090	10	15	.017227	.0059769
2090	15	20	.017227	.0036906
2090	20	25	.017227	.0087795
2090	25	30	.017227	.0069885
2090	30	35	.017227	.0130212
2090	35	40	.017227	.0107118
2090	40	45	.017227	.0152297
2090	45	50	.017227	.0151622
2090	50	55	.017227	.0205133
2090	55	60	.017227	.0247651
2090	60	65	.017227	.0314233
2090	65	70	.017227	.0348977
2090	70	75	.017227	.0448355
2090	75	80	.017227	.0608693
2090	80	85	.017227	.0960493
2090	85	90	.017227	.1623583
2090	90	95	.017227	.2070531
2090	95	200	.017227	.4019462
2091	0	.083333	.0170566	.0863469
2091	.0833333	1	.0170566	.016673
2091	1	5	.0170566	.0118882
2091	5	10	.0170566	1.00e-06
2091	10	15	.0170566	.0055275
2091	15	20	.0170566	.0035067
2091	20	25	.0170566	.0085159
2091	25	30	.0170566	.0066052
2091	30	35	.0170566	.0126807
2091	35	40	.0170566	.0105677
2091	40	45	.0170566	.0149366
2091	45	50	.0170566	.0146352
2091	50	55	.0170566	.0200115
2091	55	60	.0170566	.0236378
2091	60	65	.0170566	.0313954
2091	65	70	.0170566	.03463
2091	70	75	.0170566	.0448943
2091	75	80	.0170566	.0595228
2091	80	85	.0170566	.0934246
2091	85	90	.0170566	.1591778
2091	90	95	.0170566	.2108643
2091	95	200	.0170566	.3979941
2092	0	.083333	.0168862	.0852748
2092	.0833333	1	.0168862	.0163792
2092	1	5	.0168862	.011648
2092	5	10	.0168862	1.00e-06
2092	10	15	.0168862	.0052008
2092	15	20	.0168862	.0031198
2092	20	25	.0168862	.0084822
2092	25	30	.0168862	.0060289
2092	30	35	.0168862	.0125346
2092	35	40	.0168862	.0101051
2092	40	45	.0168862	.0151069
2092	45	50	.0168862	.0135793
2092	50	55	.0168862	.0202352
2092	55	60	.0168862	.0217893
2092	60	65	.0168862	.0319081
2092	65	70	.0168862	.0336459
2092	70	75	.0168862	.0457851
2092	75	80	.0168862	.0573872
2092	80	85	.0168862	.0928502
2092	85	90	.0168862	.1523712
2092	90	95	.0168862	.2186092
2092	95	200	.0168862	.389916
2093	0	.083333	.0167158	.0842028
2093	.0833333	1	.0167158	.0160854
2093	1	5	.0167158	.0114078
2093	5	10	.0167158	1.00e-06
2093	10	15	.0167158	.0049501
2093	15	20	.0167158	.0026211
2093	20	25	.0167158	.0085697
2093	25	30	.0167158	.0053664
2093	30	35	.0167158	.0124686
2093	35	40	.0167158	.0094838
2093	40	45	.0167158	.0155081
2093	45	50	.0167158	.0122932
2093	50	55	.0167158	.0208236
2093	55	60	.0167158	.0196105
2093	60	65	.0167158	.0326032
2093	65	70	.0167158	.0323145
2093	70	75	.0167158	.0470573
2093	75	80	.0167158	.0550505
2093	80	85	.0167158	.0932466
2093	85	90	.0167158	.1439415
2093	90	95	.0167158	.2275675
2093	95	200	.0167158	.3806217
2094	0	.083333	.0165454	.0831309
2094	.0833333	1	.0165454	.0157916
2094	1	5	.0165454	.0111676
2094	5	10	.0165454	1.00e-06
2094	10	15	.0165454	.0047223
2094	15	20	.0165454	.0021146
2094	20	25	.0165454	.0086539
2094	25	30	.0165454	.0047386
2094	30	35	.0165454	.0123563
2094	35	40	.0165454	.0088793
2094	40	45	.0165454	.0158857
2094	45	50	.0165454	.0111015
2094	50	55	.0165454	.0213827
2094	55	60	.0165454	.0175264
2094	60	65	.0165454	.0330942
2094	65	70	.0165454	.0310362
2094	70	75	.0165454	.0482291
2094	75	80	.0165454	.0531175
2094	80	85	.0165454	.0935254
2094	85	90	.0165454	.1358477
2094	90	95	.0165454	.2350502
2094	95	200	.0165454	.3728477
2095	0	.083333	.016375	.0820592
2095	.0833333	1	.016375	.0154977
2095	1	5	.016375	.0109275
2095	5	10	.016375	1.00e-06
2095	10	15	.016375	.004475
2095	15	20	.016375	.0016887
2095	20	25	.016375	.0086244
2095	25	30	.016375	.0042527
2095	30	35	.016375	.0120937
2095	35	40	.016375	.0084305
2095	40	45	.016375	.0160365
2095	45	50	.016375	.0102598
2095	50	55	.016375	.0215964
2095	55	60	.016375	.0158894
2095	60	65	.016375	.0330678
2095	65	70	.016375	.0301298
2095	70	75	.016375	.0489135
2095	75	80	.016375	.0520204
2095	80	85	.016375	.0929356
2095	85	90	.016375	.1294891
2095	90	95	.016375	.2390849
2095	95	200	.016375	.3684497
